0.0255927,-0.0608148,0.0938434,-0.108243,0.11831,-0.10301,0.0907978,-0.0654146,0.033049,-0.0132425,-0.00352733,0.0208435,-0.0428722,0.066701,-0.0787618,0.0778472,-0.0581454,0.0400332,-0.021163,0.0092945,0.00935609,-0.0289256,0.063461,-0.10651,0.150171,-0.169772,0.146754,-0.115658,0.0662564,-0.0331812,0.0103981,-0.0451355,0.114119,-0.229117,0.377723,-0.462347,0.382736,-0.228495,0.0953691,-0.0215575,0.0581235,-0.149762,0.27837,-0.379252,0.435564,-0.385477,0.250239,-0.0982318,0.0163174,0.0152859,0.0122845,-0.043672,0.0676482,-0.0589189,-0.00152251,0.0769825,-0.10937,0.0877033,-0.0451836,0.010984,-0.00077583,0.0109322,-0.0307825,0.0606612,-0.0880208,0.101557,-0.0900286,0.0631969,-0.0319245,0.0104012
-0.0608148,0.169382,-0.301631,0.416135,-0.507289,0.520092,-0.458151,0.322721,-0.161863,0.0597971,-0.00211645,-0.0189797,0.0448598,-0.0812219,0.101397,-0.106635,0.0828488,-0.0624799,0.0354631,-0.0170276,-0.0163471,0.0431483,-0.0862041,0.137252,-0.196061,0.223192,-0.190643,0.155327,-0.0920547,0.0512818,-0.0642824,0.256208,-0.553752,0.933708,-1.30782,1.45487,-1.13979,0.657918,-0.269632,0.0657117,-0.100807,0.241094,-0.427389,0.545147,-0.588161,0.460829,-0.213005,-0.0215098,0.0845551,-0.0711765,-0.025015,0.0917888,-0.154759,0.1626,-0.0686501,-0.0675293,0.131473,-0.106253,0.0522399,-0.0100519,0.00362292,-0.0244709,0.0634389,-0.118184,0.165975,-0.184731,0.158754,-0.111039,0.0565548,-0.0197116
0.0938434,-0.301631,0.605323,-0.93219,1.20272,-1.31362,1.16027,-0.807211,0.401218,-0.140358,0.0224447,-0.0214664,0.0243367,-0.000742583,-0.0138036,0.0376668,-0.040769,0.0478303,-0.0342925,0.0205825,0.0130807,-0.0196071,0.0206371,-0.024668,0.0632945,-0.0918586,0.0819801,-0.0855768,0.0599141,-0.0449391,0.160527,-0.624278,1.2769,-2.01136,2.61528,-2.76619,2.08882,-1.18157,0.479754,-0.128984,0.124955,-0.281918,0.469278,-0.541219,0.51277,-0.289389,-0.0514976,0.306567,-0.270612,0.152179,0.0262031,-0.111919,0.215124,-0.277282,0.21926,-0.0891169,0.0175822,-0.00791876,0.00980974,-0.00740701,-0.00648138,0.0364715,-0.0935615,0.172738,-0.241926,0.265415,-0.224408,0.157092,-0.0806507,0.0293834
-0.108243,0.416135,-0.93219,1.55882,-2.08595,2.36546,-2.09162,1.44549,-0.715162,0.242682,-0.0580261,0.110749,-0.18681,0.214835,-0.225511,0.172102,-0.101531,0.0284858,0.003895,-0.0134026,0.00482763,-0.055907,0.165417,-0.289952,0.33901,-0.333009,0.27682,-0.172732,0.0761668,-0.00873292,-0.289532,1.11091,-2.19727,3.3019,-4.0451,4.08634,-2.97689,1.64779,-0.661854,0.194421,-0.0851657,0.149322,-0.173452,0.0496164,0.155536,-0.454439,0.757834,-0.847593,0.56225,-0.25005,-0.0112528,0.0835084,-0.215933,0.373643,-0.453628,0.436387,-0.396717,0.301979,-0.16537,0.0480857,0.00966522,-0.0402713,0.0989636,-0.176428,0.242594,-0.255956,0.207381,-0.145049,0.075765,-0.0304449
0.11831,-0.507289,1.20272,-2.08595,2.83435,-3.25989,2.88423,-1.98667,0.980165,-0.327594,0.0893065,-0.188443,0.328093,-0.401313,0.435101,-0.35546,0.225587,-0.0949766,0.0225492,0.00722945,-0.0213206,0.124003,-0.330703,0.565149,-0.685113,0.693575,-0.577905,0.387366,-0.18851,0.0531229,0.395199,-1.51073,2.94803,-4.34699,5.19197,-5.13485,3.67066,-2.00876,0.802377,-0.24861,0.0574345,-0.0581428,-0.033274,0.298818,-0.636277,0.995739,-1.28075,1.25358,-0.782937,0.324273,-0.00207859,-0.0597039,0.220242,-0.466129,0.671931,-0.757782,0.744339,-0.566563,0.302845,-0.0818907,-0.0122045,0.0449605,-0.10822,0.189447,-0.257827,0.265353,-0.20882,0.145856,-0.0770468,0.0328929
-0.10301,0.520092,-1.31362,2.36546,-3.25989,3.80246,-3.36515,2.31401,-1.14078,0.378007,-0.113874,0.261954,-0.466693,0.593824,-0.65414,0.555936,-0.36671,0.179001,-0.0609192,0.00587941,0.0410053,-0.196498,0.502307,-0.85528,1.07073,-1.11265,0.935851,-0.655258,0.334986,-0.1177,-0.465101,1.76708,-3.40597,4.92371,-5.71512,5.51338,-3.86147,2.08439,-0.826501,0.268327,0.0239085,-0.170483,0.489592,-0.976842,1.48133,-1.84155,1.97267,-1.69377,0.985031,-0.372274,0.0240593,-0.00366546,-0.14696,0.454271,-0.798345,1.02431,-1.06453,0.82123,-0.437914,0.117436,0.0130766,-0.0353039,0.0790283,-0.129177,0.16904,-0.15788,0.108972,-0.07598,0.0425532,-0.0232418
0.0907978,-0.458151,1.16027,-2.09162,2.88423,-3.36515,2.97955,-2.04903,1.01007,-0.334201,0.100037,-0.229498,0.408712,-0.520146,0.573767,-0.486594,0.320109,-0.154938,0.0517991,-0.00407678,-0.036896,0.173101,-0.440909,0.74682,-0.929562,0.961609,-0.806268,0.562567,-0.286831,0.100303,0.409862,-1.55305,2.98934,-4.31748,5.01433,-4.84594,3.3997,-1.83911,0.730624,-0.237875,-0.0135196,0.124534,-0.381527,0.789177,-1.22407,1.55002,-1.68937,1.46854,-0.85992,0.327184,-0.0257754,0.0164946,0.104607,-0.366242,0.665262,-0.867629,0.912381,-0.709539,0.380447,-0.10272,-0.010064,0.0282889,-0.0673151,0.116117,-0.158683,0.155777,-0.114143,0.080522,-0.0444234,0.0222831
-0.0654146,0.322721,-0.807211,1.44549,-1.98667,2.31401,-2.04903,1.41235,-0.697982,0.23277,-0.0666209,0.153262,-0.272884,0.346719,-0.381271,0.322809,-0.212022,0.101388,-0.0330469,0.00180839,0.0239557,-0.112502,0.289554,-0.49389,0.618873,-0.64414,0.543246,-0.380866,0.194825,-0.067872,-0.286646,1.08068,-2.08429,3.01651,-3.51802,3.41816,-2.41712,1.31427,-0.523602,0.166103,0.0126846,-0.0979398,0.29026,-0.589953,0.907527,-1.14306,1.23668,-1.06902,0.624004,-0.23702,0.0205121,-0.0229811,-0.0451061,0.205855,-0.394138,0.524624,-0.564419,0.451655,-0.247948,0.0709109,0.00593599,-0.0147221,0.0367951,-0.065805,0.0935691,-0.0929641,0.0680886,-0.048966,0.0275829,-0.0143041
0.033049,-0.161863,0.401218,-0.715162,0.980165,-1.14078,1.01007,-0.697982,0.345956,-0.116417,0.0319585,-0.0744331,0.13277,-0.168881,0.185117,-0.15705,0.103379,-0.0494151,0.0160797,-0.000880699,-0.0113524,0.053233,-0.138615,0.239033,-0.303556,0.319551,-0.271922,0.192579,-0.0993144,0.0349649,0.144499,-0.541934,1.04703,-1.51663,1.77193,-1.72669,1.22866,-0.670411,0.26754,-0.0826918,-0.0119361,0.0661041,-0.179796,0.347366,-0.519609,0.63967,-0.675404,0.572674,-0.330523,0.124053,-0.0117063,0.0182963,0.00711735,-0.07724,0.163676,-0.226164,0.251319,-0.208522,0.117685,-0.03592,-0.00253711,0.00443227,-0.0116229,0.0213497,-0.0319584,0.0308927,-0.0210706,0.0157776,-0.00953116,0.0057754
-0.0132425,0.0597971,-0.140358,0.242682,-0.327594,0.378007,-0.334201,0.23277,-0.116417,0.0404544,-0.00953653,0.0225001,-0.0400595,0.0503526,-0.0540453,0.0457661,-0.0301605,0.0140111,-0.00429827,9.45193e-06,0.00249996,-0.0135903,0.0381847,-0.0696957,0.0930146,-0.101844,0.0895029,-0.0650028,0.0340628,-0.0118514,-0.0512953,0.19125,-0.374031,0.548101,-0.649351,0.640949,-0.464998,0.256017,-0.102464,0.0289489,0.0079,-0.0368095,0.0912113,-0.165294,0.236325,-0.280397,0.283877,-0.233189,0.132154,-0.0489883,0.00334337,-0.00630052,0.00103801,0.0152796,-0.0349867,0.0481722,-0.0571653,0.0535205,-0.0330713,0.0122838,0.000917401,-0.000207596,0.000115448,0.000521256,-0.000375045,0.00256319,-0.00457286,0.00272853,-0.0007327,-0.000814635
-0.00352733,-0.00211645,0.0224447,-0.0580261,0.0893065,-0.113874,0.100037,-0.0666209,0.0319585,-0.00953653,0.00632818,-0.0178235,0.0332656,-0.0454802,0.0514667,-0.0471785,0.0333791,-0.0203511,0.00961191,-0.00350914,-0.00404604,0.0173995,-0.0415058,0.0709338,-0.094051,0.101766,-0.086605,0.0640849,-0.0346518,0.0149585,0.0134153,-0.0541408,0.0982128,-0.125884,0.111147,-0.0709769,0.0242616,-0.00276799,-0.00144509,-0.00327215,-0.0178025,0.0519675,-0.10233,0.149494,-0.180268,0.172594,-0.132645,0.0778098,-0.0328204,0.00610716,-0.000298453,-0.00119722,0.0137567,-0.04068,0.0782024,-0.107216,0.107901,-0.0758564,0.0365758,-0.00751834,-0.00151372,0.00218344,-0.000731988,-0.00523694,0.0137813,-0.0218463,0.0232694,-0.0171873,0.00867229,-0.00219579
0.0208435,-0.0189797,-0.0214664,0.110749,-0.188443,0.261954,-0.229498,0.153262,-0.0744331,0.0225001,-0.0178235,0.0578796,-0.110525,0.155547,-0.176527,0.165617,-0.119382,0.0754447,-0.0369497,0.0144574,0.0147974,-0.0584845,0.139172,-0.242162,0.333815,-0.37171,0.321995,-0.244938,0.135428,-0.060794,-0.0374056,0.144235,-0.251835,0.291552,-0.192275,0.0445357,0.0559056,-0.0661557,0.0350781,-0.00038033,0.0886831,-0.252125,0.490972,-0.708524,0.849402,-0.80849,0.609456,-0.344721,0.138819,-0.0217107,0.00838392,-0.0264146,0.0141819,0.0514798,-0.17497,0.28805,-0.312734,0.232192,-0.116824,0.0279183,0.00350201,0.00331692,-0.0232296,0.062934,-0.106705,0.138473,-0.13309,0.095299,-0.0478676,0.0136663
-0.0428722,0.0448598,0.0243367,-0.18681,0.328093,-0.466693,0.408712,-0.272884,0.13277,-0.0400595,0.0332656,-0.110525,0.211787,-0.299393,0.340073,-0.320046,0.231241,-0.146812,0.0722209,-0.0284793,-0.0288876,0.112576,-0.267485,0.466037,-0.645202,0.720658,-0.625338,0.477202,-0.264543,0.119386,0.0689101,-0.263441,0.455278,-0.512908,0.305855,-0.0185004,-0.155517,0.153488,-0.0779083,0.00424067,-0.177544,0.502793,-0.977631,1.4084,-1.68697,1.60381,-1.20545,0.677859,-0.27083,0.0407995,-0.018413,0.0598169,-0.0450307,-0.0741822,0.311063,-0.533332,0.587311,-0.439838,0.22264,-0.0541711,-0.00619373,-0.00937025,0.0515501,-0.132683,0.220254,-0.282024,0.268874,-0.192038,0.0964317,-0.0278135
0.066701,-0.0812219,-0.000742583,0.214835,-0.401313,0.593824,-0.520146,0.346719,-0.168881,0.0503526,-0.0454802,0.155547,-0.299393,0.425873,-0.484735,0.457747,-0.331509,0.211519,-0.104519,0.0415269,0.04226,-0.16091,0.380731,-0.662655,0.920246,-1.03018,0.894716,-0.684987,0.380867,-0.173198,-0.0909561,0.342867,-0.580307,0.619459,-0.290539,-0.12306,0.328581,-0.276628,0.133777,-0.0128471,0.26239,-0.737645,1.43083,-2.05559,2.45912,-2.33306,1.74562,-0.972166,0.383198,-0.0535955,0.031418,-0.1042,0.100996,0.0549199,-0.391328,0.718206,-0.808543,0.612639,-0.312434,0.0774414,0.00746724,0.019096,-0.0854382,0.207534,-0.335767,0.422813,-0.398965,0.284045,-0.142594,0.0416801
-0.0787618,0.101397,-0.0138036,-0.225511,0.435101,-0.65414,0.573767,-0.381271,0.185117,-0.0540453,0.0514667,-0.176527,0.340073,-0.484735,0.55288,-0.521985,0.377812,-0.240989,0.118996,-0.0471942,-0.049226,0.184925,-0.43544,0.754066,-1.04331,1.16499,-1.00965,0.772444,-0.42952,0.196013,0.0986076,-0.369559,0.615185,-0.631644,0.237747,0.233417,-0.443136,0.352164,-0.166695,0.0172693,-0.295576,0.825593,-1.59865,2.29199,-2.73972,2.59435,-1.93475,1.06929,-0.416811,0.0541222,-0.0389147,0.127827,-0.13135,-0.0424117,0.427436,-0.806568,0.915501,-0.694987,0.354454,-0.0873428,-0.00755013,-0.0235103,0.0989743,-0.235612,0.377707,-0.472834,0.444531,-0.316177,0.158744,-0.0466593
0.0778472,-0.106635,0.0376668,0.172102,-0.35546,0.555936,-0.486594,0.322809,-0.15705,0.0457661,-0.0471785,0.165617,-0.320046,0.457747,-0.521985,0.494606,-0.359097,0.230455,-0.114507,0.045912,0.0464178,-0.173994,0.41006,-0.713141,0.992998,-1.11366,0.96778,-0.74286,0.414045,-0.189541,-0.0885104,0.33059,-0.5453,0.540445,-0.148482,-0.304189,0.480561,-0.368362,0.172337,-0.0218431,0.291618,-0.814971,1.5764,-2.25722,2.69384,-2.54617,1.89138,-1.03866,0.401431,-0.0499922,0.0370493,-0.124737,0.133195,0.025847,-0.38935,0.750371,-0.856221,0.652315,-0.333542,0.0831743,0.00720117,0.0245246,-0.100996,0.238533,-0.380956,0.475258,-0.445708,0.316831,-0.159105,0.0469646
-0.0581454,0.0828488,-0.040769,-0.101531,0.225587,-0.36671,0.320109,-0.212022,0.103379,-0.0301605,0.0333791,-0.119382,0.231241,-0.331509,0.377812,-0.359097,0.261417,-0.168654,0.0842566,-0.0341023,-0.0334031,0.125441,-0.296116,0.517304,-0.724543,0.815791,-0.710711,0.547001,-0.305427,0.140063,0.0616554,-0.230206,0.377846,-0.36519,0.071316,0.261587,-0.37916,0.285241,-0.132696,0.0189639,-0.219009,0.613062,-1.18509,1.6956,-2.02087,1.90728,-1.41248,0.772095,-0.296605,0.0359427,-0.026299,0.0905476,-0.0978792,-0.0155699,0.278882,-0.541047,0.617942,-0.471412,0.241316,-0.0606853,-0.00546173,-0.0186409,0.0769512,-0.181874,0.290579,-0.362295,0.339552,-0.241368,0.121238,-0.0358527
0.0400332,-0.0624799,0.0478303,0.0284858,-0.0949766,0.179001,-0.154938,0.101388,-0.0494151,0.0140111,-0.0203511,0.0754447,-0.146812,0.211519,-0.240989,0.230455,-0.168654,0.11004,-0.0556087,0.0229381,0.0211581,-0.0798153,0.1886,-0.331707,0.468949,-0.53122,0.464432,-0.358977,0.201036,-0.0925899,-0.0342029,0.128365,-0.205564,0.178815,0.0268081,-0.247356,0.304065,-0.218666,0.100139,-0.0171302,0.148614,-0.416432,0.802964,-1.14532,1.35936,-1.27589,0.93511,-0.502163,0.188169,-0.0195568,0.0156016,-0.0561106,0.0602242,0.0122563,-0.182111,0.35096,-0.398713,0.302992,-0.154586,0.0388702,0.00390686,0.0122965,-0.0524163,0.125236,-0.20123,0.251346,-0.23567,0.167678,-0.0843119,0.0250168
-0.021163,0.0354631,-0.0342925,0.003895,0.0225492,-0.0609192,0.0517991,-0.0330469,0.0160797,-0.00429827,0.00961191,-0.0369497,0.0722209,-0.104519,0.118996,-0.114507,0.0842566,-0.0556087,0.0284286,-0.0119461,-0.010317,0.0392837,-0.092999,0.164837,-0.235317,0.268221,-0.235355,0.182645,-0.102558,0.0473931,0.0143455,-0.0545064,0.0847342,-0.0629973,-0.0471861,0.160491,-0.18017,0.125932,-0.0571005,0.0109664,-0.077931,0.218817,-0.420994,0.598848,-0.707884,0.660847,-0.479433,0.252995,-0.0924219,0.00796502,-0.0068156,0.0259313,-0.0268379,-0.00965571,0.0946504,-0.178485,0.200735,-0.151552,0.0769248,-0.0192709,-0.00222641,-0.00603755,0.0271964,-0.0661449,0.107225,-0.134452,0.126291,-0.0899736,0.045288,-0.013458
0.0092945,-0.0170276,0.0205825,-0.0134026,0.00722945,0.00587941,-0.00407678,0.00180839,-0.000880699,9.45193e-06,-0.00350914,0.0144574,-0.0284793,0.0415269,-0.0471942,0.045912,-0.0341023,0.0229381,-0.0119461,0.0051668,0.00398331,-0.0154476,0.0367428,-0.0661031,0.0960558,-0.110709,0.0977879,-0.076408,0.0430935,-0.0200068,-0.00410651,0.0161126,-0.023334,0.00953087,0.0396556,-0.0875698,0.090194,-0.0612191,0.027479,-0.00600292,0.0341965,-0.0964218,0.18501,-0.26228,0.308332,-0.285799,0.204481,-0.105339,0.0371023,-0.00225574,0.00208462,-0.00908072,0.00871747,0.00614348,-0.0405146,0.0739819,-0.0819244,0.0612867,-0.0308906,0.00773737,0.00109372,0.00239991,-0.0117894,0.0294131,-0.0482617,0.0608372,-0.0572822,0.0408785,-0.0206026,0.00613195
0.00935609,-0.0163471,0.0130807,0.00482763,-0.0213206,0.0410053,-0.036896,0.0239557,-0.0113524,0.00249996,-0.00404604,0.0147974,-0.0288876,0.04226,-0.049226,0.0464178,-0.0334031,0.0211581,-0.010317,0.00398331,0.00538953,-0.017494,0.0393826,-0.0649602,0.0869678,-0.0949641,0.0807014,-0.0615868,0.0344086,-0.0163876,-0.00524166,0.0162866,-0.0177468,-0.00463293,0.0551944,-0.0951772,0.0920569,-0.0585182,0.0249619,-0.00348898,0.024024,-0.0621142,0.118309,-0.166363,0.198703,-0.186321,0.136247,-0.0706732,0.0247546,-0.000451374,0.00738172,-0.0234317,0.0340082,-0.0255606,-0.00839932,0.0485489,-0.0665544,0.0541457,-0.0285968,0.00721956,-0.000490671,0.00484316,-0.012438,0.0230808,-0.0320372,0.0361871,-0.0317665,0.0220746,-0.011049,0.00353952
-0.0289256,0.0431483,-0.0196071,-0.055907,0.124003,-0.196498,0.173101,-0.112502,0.053233,-0.0135903,0.0173995,-0.0584845,0.112576,-0.16091,0.184925,-0.173994,0.125441,-0.0798153,0.0392837,-0.0154476,-0.017494,0.0641018,-0.14824,0.251245,-0.340451,0.374521,-0.320764,0.24353,-0.134937,0.0621511,0.025547,-0.0962091,0.147452,-0.120788,-0.0317608,0.190217,-0.23495,0.16602,-0.0748305,0.00857767,-0.0896664,0.24428,-0.468786,0.664773,-0.788798,0.73611,-0.53588,0.281179,-0.10122,0.00588711,-0.0140613,0.0437707,-0.0440001,-0.0177111,0.151341,-0.283322,0.319498,-0.238279,0.119286,-0.0271924,-0.00201642,-0.00680513,0.028414,-0.067451,0.108274,-0.135561,0.12737,-0.0907775,0.0457048,-0.0135865
0.063461,-0.0862041,0.0206371,0.165417,-0.330703,0.502307,-0.440909,0.289554,-0.138615,0.0381847,-0.0415058,0.139172,-0.267485,0.380731,-0.43544,0.41006,-0.296116,0.1886,-0.092999,0.0367428,0.0393826,-0.14824,0.34657,-0.594495,0.813512,-0.901162,0.776313,-0.590872,0.327536,-0.149632,-0.0697593,0.265774,-0.432141,0.419835,-0.0939086,-0.279966,0.428702,-0.323741,0.150216,-0.0156237,0.219356,-0.607921,1.17254,-1.67291,1.99084,-1.87008,1.37701,-0.74229,0.279049,-0.0276118,0.0282306,-0.089443,0.0795972,0.0707477,-0.38212,0.682133,-0.758626,0.565084,-0.283508,0.0660595,0.00633135,0.0137631,-0.066017,0.163796,-0.268091,0.33985,-0.321819,0.229749,-0.115589,0.0339004
-0.10651,0.137252,-0.024668,-0.289952,0.565149,-0.85528,0.74682,-0.49389,0.239033,-0.0696957,0.0709338,-0.242162,0.466037,-0.662655,0.754066,-0.713141,0.517304,-0.331707,0.164837,-0.0661031,-0.0649602,0.251245,-0.594495,1.03626,-1.44021,1.61262,-1.40042,1.07173,-0.595649,0.270821,0.131177,-0.503444,0.847593,-0.886436,0.352696,0.306844,-0.610765,0.492903,-0.23544,0.0266124,-0.410909,1.15705,-2.23941,3.20832,-3.82208,3.60436,-2.66992,1.4625,-0.563817,0.0699558,-0.0406395,0.136035,-0.107239,-0.155649,0.689371,-1.19422,1.31514,-0.981054,0.494235,-0.118837,-0.013862,-0.0228511,0.122596,-0.313474,0.519419,-0.662877,0.630171,-0.450207,0.226392,-0.0659193
0.150171,-0.196061,0.0632945,0.33901,-0.685113,1.07073,-0.929562,0.618873,-0.303556,0.0930146,-0.094051,0.333815,-0.645202,0.920246,-1.04331,0.992998,-0.724543,0.468949,-0.235317,0.0960558,0.0869678,-0.340451,0.813512,-1.44021,2.03643,-2.3071,2.0199,-1.55686,0.869003,-0.395227,-0.187111,0.71487,-1.222,1.30216,-0.561778,-0.37127,0.798655,-0.660639,0.319696,-0.0449645,0.624945,-1.77571,3.44269,-4.94257,5.89145,-5.57036,4.13929,-2.28697,0.893403,-0.123168,0.0530603,-0.192003,0.164123,0.180632,-0.908247,1.60085,-1.77351,1.3369,-0.680367,0.171187,0.0210228,0.0392691,-0.199529,0.502889,-0.827369,1.05032,-0.995179,0.709886,-0.356721,0.104069
-0.169772,0.223192,-0.0918586,-0.333009,0.693575,-1.11265,0.961609,-0.64414,0.319551,-0.101844,0.101766,-0.37171,0.720658,-1.03018,1.16499,-1.11366,0.815791,-0.53122,0.268221,-0.110709,-0.0949641,0.374521,-0.901162,1.61262,-2.3071,2.63421,-2.31863,1.79544,-1.00499,0.457211,0.214072,-0.814353,1.40599,-1.5168,0.689663,0.366685,-0.849458,0.716855,-0.350334,0.0560962,-0.741644,2.11822,-4.11124,5.91032,-7.0488,6.67672,-4.97291,2.76323,-1.0886,0.15917,-0.05776,0.220484,-0.20153,-0.166281,0.9693,-1.73878,1.93808,-1.47375,0.756089,-0.196571,-0.0246426,-0.05064,0.247397,-0.616719,1.0092,-1.27632,1.20649,-0.859695,0.43179,-0.126149
0.146754,-0.190643,0.0819801,0.27682,-0.577905,0.935851,-0.806268,0.543246,-0.271922,0.0895029,-0.086605,0.321995,-0.625338,0.894716,-1.00965,0.96778,-0.710711,0.464432,-0.235355,0.0977879,0.0807014,-0.320764,0.776313,-1.40042,2.0199,-2.31863,2.04843,-1.59089,0.891974,-0.405537,-0.19165,0.727373,-1.26816,1.39121,-0.684977,-0.237376,0.672,-0.587126,0.290958,-0.0500223,0.668202,-1.91642,3.7236,-5.36006,6.39695,-6.06964,4.53198,-2.53216,1.00547,-0.154219,0.0484355,-0.192207,0.180904,0.128816,-0.818122,1.48014,-1.65517,1.26638,-0.653544,0.173924,0.0222762,0.0473162,-0.227927,0.565864,-0.923936,1.16668,-1.10183,0.784678,-0.393965,0.115085
-0.115658,0.155327,-0.0855768,-0.172732,0.387366,-0.655258,0.562567,-0.380866,0.192579,-0.0650028,0.0640849,-0.244938,0.477202,-0.684987,0.772444,-0.74286,0.547001,-0.358977,0.182645,-0.076408,-0.0615868,0.24353,-0.590872,1.07173,-1.55686,1.79544,-1.59089,1.23956,-0.696539,0.317403,0.145595,-0.548028,0.954531,-1.03615,0.48023,0.231366,-0.545434,0.466175,-0.229604,0.0433229,-0.531497,1.52477,-2.96269,4.26507,-5.09115,4.83379,-3.611,2.01963,-0.803117,0.12452,-0.03983,0.161021,-0.167807,-0.0541809,0.576667,-1.08719,1.23186,-0.952432,0.495521,-0.135257,-0.0165851,-0.042127,0.19016,-0.46291,0.748912,-0.939992,0.884444,-0.629,0.315688,-0.0925714
0.0662564,-0.0920547,0.0599141,0.0761668,-0.18851,0.334986,-0.286831,0.194825,-0.0993144,0.0340628,-0.0346518,0.135428,-0.264543,0.380867,-0.42952,0.414045,-0.305427,0.201036,-0.102558,0.0430935,0.0344086,-0.134937,0.327536,-0.595649,0.869003,-1.00499,0.891974,-0.696539,0.392047,-0.17909,-0.0795196,0.29689,-0.514758,0.549129,-0.229749,-0.168121,0.330004,-0.273544,0.133352,-0.026674,0.303067,-0.868494,1.68701,-2.42782,2.89808,-2.75195,2.05535,-1.14884,0.456431,-0.0705364,0.0240191,-0.0974299,0.109293,0.00694251,-0.295664,0.582582,-0.668887,0.521799,-0.273217,0.0759155,0.00880759,0.026292,-0.112645,0.269582,-0.432625,0.540122,-0.506521,0.359809,-0.180539,0.0531377
-0.0331812,0.0512818,-0.0449391,-0.00873292,0.0531229,-0.1177,0.100303,-0.067872,0.0349649,-0.0118514,0.0149585,-0.060794,0.119386,-0.173198,0.196013,-0.189541,0.140063,-0.0925899,0.0473931,-0.0200068,-0.0163876,0.0621511,-0.149632,0.270821,-0.395227,0.457211,-0.405537,0.317403,-0.17909,0.0825008,0.0318836,-0.116434,0.194585,-0.185534,0.0211946,0.162063,-0.212463,0.158376,-0.0740064,0.0156383,-0.140935,0.40028,-0.775366,1.11224,-1.32564,1.25521,-0.932224,0.514781,-0.201032,0.028256,-0.0136482,0.0537456,-0.0675787,0.0206755,0.111164,-0.247642,0.293447,-0.232096,0.12242,-0.0344307,-0.00327077,-0.0145591,0.0562446,-0.129648,0.204345,-0.252024,0.234502,-0.166192,0.0833875,-0.0248128
0.0103981,-0.0642824,0.160527,-0.289532,0.395199,-0.465101,0.409862,-0.286646,0.144499,-0.0512953,0.0134153,-0.0374056,0.0689101,-0.0909561,0.0986076,-0.0885104,0.0616554,-0.0342029,0.0143455,-0.00410651,-0.00524166,0.025547,-0.0697593,0.131177,-0.187111,0.214072,-0.19165,0.145595,-0.0795196,0.0318836,0.0696385,-0.25852,0.502574,-0.720683,0.818501,-0.774738,0.548371,-0.294559,0.115748,-0.0317036,-0.0432458,0.143168,-0.302987,0.479053,-0.620325,0.65987,-0.586045,0.421561,-0.217447,0.0701522,-0.00598399,0.0179731,-0.0166404,-0.00703818,0.0505962,-0.0881937,0.108293,-0.0993124,0.0598827,-0.022056,-0.00194659,-0.00374148,0.0149237,-0.0350208,0.0542686,-0.0691095,0.0667499,-0.0465609,0.0225399,-0.00543041
-0.0451355,0.256208,-0.624278,1.11091,-1.51073,1.76708,-1.55305,1.08068,-0.541934,0.19125,-0.0541408,0.144235,-0.263441,0.342867,-0.369559,0.33059,-0.230206,0.128365,-0.0545064,0.0161126,0.0162866,-0.0962091,0.265774,-0.503444,0.71487,-0.814353,0.727373,-0.548028,0.29689,-0.116434,-0.25852,0.983636,-1.92719,2.79165,-3.1872,3.00472,-2.10071,1.11475,-0.433631,0.121002,0.150048,-0.516015,1.09429,-1.73274,2.23007,-2.35777,2.08238,-1.49568,0.77171,-0.250875,-0.0005011,0.00974679,-0.0860723,0.233163,-0.41499,0.53092,-0.549911,0.443239,-0.246663,0.0797979,0.013477,-0.00754265,-0.0176147,0.0831166,-0.159953,0.230795,-0.238351,0.170193,-0.0829844,0.018508
0.114119,-0.553752,1.2769,-2.19727,2.94803,-3.40597,2.98934,-2.08429,1.04703,-0.374031,0.0982128,-0.251835,0.455278,-0.580307,0.615185,-0.5453,0.377846,-0.205564,0.0847342,-0.023334,-0.0177468,0.147452,-0.432141,0.847593,-1.222,1.40599,-1.26816,0.954531,-0.514758,0.194585,0.502574,-1.92719,3.81714,-5.61223,6.53234,-6.25842,4.43319,-2.37208,0.92655,-0.248795,-0.246901,0.90168,-1.94097,3.11815,-4.03904,4.31481,-3.86446,2.83167,-1.48578,0.500346,0.0259334,-0.0972097,0.292384,-0.576947,0.858679,-0.983022,0.96232,-0.765306,0.426459,-0.141693,-0.0300658,0.0313703,-0.000391707,-0.10845,0.247994,-0.387508,0.416065,-0.299507,0.145695,-0.0300178
-0.229117,0.933708,-2.01136,3.3019,-4.34699,4.92371,-4.31748,3.01651,-1.51663,0.548101,-0.125884,0.291552,-0.512908,0.619459,-0.631644,0.540445,-0.36519,0.178815,-0.0629973,0.00953087,-0.00463293,-0.120788,0.419835,-0.886436,1.30216,-1.5168,1.39121,-1.03615,0.549129,-0.185534,-0.720683,2.79165,-5.61223,8.43684,-10.1241,9.95585,-7.19034,3.90154,-1.53671,0.398171,0.20172,-0.906141,2.05635,-3.46616,4.60844,-5.10116,4.78215,-3.70422,2.02772,-0.735161,-0.0852091,0.299559,-0.672515,1.06767,-1.29701,1.24386,-1.09418,0.84864,-0.475886,0.166508,0.0482933,-0.0827711,0.0937719,-0.0121512,-0.12789,0.304702,-0.380844,0.280322,-0.13411,0.0181869
0.377723,-1.30782,2.61528,-4.0451,5.19197,-5.71512,5.01433,-3.51802,1.77193,-0.649351,0.111147,-0.192275,0.305855,-0.290539,0.237747,-0.148482,0.071316,0.0268081,-0.0471861,0.0396556,0.0551944,-0.0317608,-0.0939086,0.352696,-0.561778,0.689663,-0.684977,0.48023,-0.229749,0.0211946,0.818501,-3.1872,6.53234,-10.1241,12.6995,-12.9841,9.65476,-5.35613,2.1399,-0.53421,0.0855525,0.19001,-0.751088,1.73443,-2.66787,3.4624,-3.82812,3.4642,-2.09158,0.868752,0.148924,-0.523952,1.01841,-1.36161,1.26545,-0.80702,0.495143,-0.386958,0.247086,-0.118477,-0.0532913,0.13695,-0.245037,0.308528,-0.30201,0.189013,-0.0544406,0.0258881,-0.0213402,0.0336508
-0.462347,1.45487,-2.76619,4.08634,-5.13485,5.51338,-4.84594,3.41816,-1.72669,0.640949,-0.0709769,0.0445357,-0.0185004,-0.12306,0.233417,-0.304189,0.261587,-0.247356,0.160491,-0.0875698,-0.0951772,0.190217,-0.279966,0.306844,-0.37127,0.366685,-0.237376,0.231366,-0.168121,0.162063,-0.774738,3.00472,-6.25842,9.95585,-12.9841,13.7336,-10.4762,5.92473,-2.39684,0.582177,-0.380044,0.637764,-0.833987,0.506514,0.0426969,-1.04629,2.11721,-2.60165,1.79874,-0.861005,-0.162655,0.580152,-1.03339,1.19219,-0.741373,-0.040875,0.405633,-0.264512,0.0722325,0.0462862,0.0411248,-0.146656,0.32537,-0.531926,0.68607,-0.686795,0.530853,-0.368113,0.194225,-0.0844242
0.382736,-1.13979,2.08882,-2.97689,3.67066,-3.86147,3.3997,-2.41712,1.22866,-0.464998,0.0242616,0.0559056,-0.155517,0.328581,-0.443136,0.480561,-0.37916,0.304065,-0.18017,0.090194,0.0920569,-0.23495,0.428702,-0.610765,0.798655,-0.849458,0.672,-0.545434,0.330004,-0.212463,0.548371,-2.10071,4.43319,-7.19034,9.65476,-10.4762,8.16036,-4.68303,1.91194,-0.449777,0.412772,-0.845275,1.32812,-1.37227,1.1188,-0.256491,-0.867805,1.60248,-1.23852,0.649424,0.112942,-0.402835,0.656273,-0.61649,0.0625189,0.684274,-0.940711,0.629656,-0.25441,0.0022886,-0.019784,0.0944896,-0.243823,0.451841,-0.64151,0.706196,-0.595651,0.421863,-0.219889,0.0836649
-0.228495,0.657918,-1.18157,1.64779,-2.00876,2.08439,-1.83911,1.31427,-0.670411,0.256017,-0.00276799,-0.0661557,0.153488,-0.276628,0.352164,-0.368362,0.285241,-0.218666,0.125932,-0.0612191,-0.0585182,0.16602,-0.323741,0.492903,-0.660639,0.716855,-0.587126,0.466175,-0.273544,0.158376,-0.294559,1.11475,-2.37208,3.90154,-5.35613,5.92473,-4.68303,2.71621,-1.1166,0.259131,-0.291539,0.651198,-1.08559,1.25356,-1.1891,0.655058,0.130133,-0.721006,0.634901,-0.362249,-0.0557408,0.202825,-0.303529,0.215175,0.179608,-0.655614,0.785575,-0.526217,0.222688,-0.016581,0.00550022,-0.0454651,0.13753,-0.281901,0.426328,-0.495052,0.435787,-0.311461,0.161376,-0.0573597
0.0953691,-0.269632,0.479754,-0.661854,0.802377,-0.826501,0.730624,-0.523602,0.26754,-0.102464,-0.00144509,0.0350781,-0.0779083,0.133777,-0.166695,0.172337,-0.132696,0.100139,-0.0571005,0.027479,0.0249619,-0.0748305,0.150216,-0.23544,0.319696,-0.350334,0.290958,-0.229604,0.133352,-0.0740064,0.115748,-0.433631,0.92655,-1.53671,2.1399,-2.39684,1.91194,-1.1166,0.461114,-0.106534,0.133897,-0.311777,0.532547,-0.640422,0.635715,-0.406233,0.0463873,0.241296,-0.239239,0.145208,0.0194483,-0.0728513,0.100787,-0.0475168,-0.132189,0.336429,-0.383126,0.255929,-0.109757,0.0104777,-0.000513045,0.0158757,-0.0552127,0.121367,-0.190712,0.227988,-0.205052,0.147214,-0.0760659,0.0261249
-0.0215575,0.0657117,-0.128984,0.194421,-0.24861,0.268327,-0.237875,0.166103,-0.0826918,0.0289489,-0.00327215,-0.00038033,0.00424067,-0.0128471,0.0172693,-0.0218431,0.0189639,-0.0171302,0.0109664,-0.00600292,-0.00348898,0.00857767,-0.0156237,0.0266124,-0.0449645,0.0560962,-0.0500223,0.0433229,-0.026674,0.0156383,-0.0317036,0.121002,-0.248795,0.398171,-0.53421,0.582177,-0.449777,0.259131,-0.106534,0.0282911,-0.036565,0.0904293,-0.158917,0.199927,-0.208027,0.152803,-0.0541356,-0.030941,0.0449217,-0.0308716,-0.00370016,0.018378,-0.0328791,0.0359938,-0.012115,-0.0222045,0.0340113,-0.0233842,0.0094872,-0.000773186,0.000342294,-0.0063506,0.0199589,-0.0417819,0.0633425,-0.0741923,0.0659947,-0.0468392,0.0239647,-0.00809719
0.0581235,-0.100807,0.124955,-0.0851657,0.0574345,0.0239085,-0.0135196,0.0126846,-0.0119361,0.0079,-0.0178025,0.0886831,-0.177544,0.26239,-0.295576,0.291618,-0.219009,0.148614,-0.077931,0.0341965,0.024024,-0.0896664,0.219356,-0.410909,0.624945,-0.741644,0.668202,-0.531497,0.303067,-0.140935,-0.0432458,0.150048,-0.246901,0.20172,0.0855525,-0.380044,0.412772,-0.291539,0.133897,-0.036565,0.259022,-0.73897,1.43119,-2.05283,2.44503,-2.31701,1.71913,-0.949523,0.371283,-0.0539364,0.0239864,-0.103501,0.150942,-0.107124,-0.0837649,0.29681,-0.383433,0.322079,-0.177255,0.0564383,0.00468453,0.0329572,-0.116811,0.259784,-0.401716,0.488439,-0.450201,0.317959,-0.159412,0.0479356
-0.149762,0.241094,-0.281918,0.149322,-0.0581428,-0.170483,0.124534,-0.0979398,0.0661041,-0.0368095,0.0519675,-0.252125,0.502793,-0.737645,0.825593,-0.814971,0.613062,-0.416432,0.218817,-0.0964218,-0.0621142,0.24428,-0.607921,1.15705,-1.77571,2.11822,-1.91642,1.52477,-0.868494,0.40028,0.143168,-0.516015,0.90168,-0.906141,0.19001,0.637764,-0.845275,0.651198,-0.311777,0.0904293,-0.73897,2.13306,-4.14349,5.96392,-7.1117,6.75824,-5.04073,2.81887,-1.12216,0.180306,-0.0504154,0.239592,-0.331386,0.183729,0.345899,-0.909896,1.11864,-0.925214,0.50632,-0.161699,-0.0181697,-0.0817372,0.314972,-0.725112,1.14102,-1.40385,1.3039,-0.923037,0.4628,-0.137698
0.27837,-0.427389,0.469278,-0.173452,-0.033274,0.489592,-0.381527,0.29026,-0.179796,0.0912113,-0.10233,0.490972,-0.977631,1.43083,-1.59865,1.5764,-1.18509,0.802964,-0.420994,0.18501,0.118309,-0.468786,1.17254,-2.23941,3.44269,-4.11124,3.7236,-2.96269,1.68701,-0.775366,-0.302987,1.09429,-1.94097,2.05635,-0.751088,-0.833987,1.32812,-1.08559,0.532547,-0.158917,1.43119,-4.14349,8.0617,-11.6259,13.8869,-13.2325,9.91617,-5.59323,2.25221,-0.380799,0.0969003,-0.461972,0.639846,-0.359153,-0.653259,1.73029,-2.13531,1.77777,-0.97849,0.31684,0.0356294,0.158728,-0.61118,1.40668,-2.21248,2.72248,-2.52939,1.79007,-0.897097,0.266339
-0.379252,0.545147,-0.541219,0.0496164,0.298818,-0.976842,0.789177,-0.589953,0.347366,-0.165294,0.149494,-0.708524,1.4084,-2.05559,2.29199,-2.25722,1.6956,-1.14532,0.598848,-0.26228,-0.166363,0.664773,-1.67291,3.20832,-4.94257,5.91032,-5.36006,4.26507,-2.42782,1.11224,0.479053,-1.73274,3.11815,-3.46616,1.73443,0.506514,-1.37227,1.25356,-0.640422,0.199927,-2.05283,5.96392,-11.6259,16.8045,-20.1138,19.2286,-14.4902,8.25565,-3.36787,0.6012,-0.138649,0.662188,-0.920431,0.529489,0.898505,-2.41765,3.00213,-2.52199,1.39859,-0.460824,-0.0515908,-0.229261,0.880057,-2.02323,3.17905,-3.91141,3.63466,-2.57125,1.28784,-0.381411
0.435564,-0.588161,0.51277,0.155536,-0.636277,1.48133,-1.22407,0.907527,-0.519609,0.236325,-0.180268,0.849402,-1.68697,2.45912,-2.73972,2.69384,-2.02087,1.35936,-0.707884,0.308332,0.198703,-0.788798,1.99084,-3.82208,5.89145,-7.0488,6.39695,-5.09115,2.89808,-1.32564,-0.620325,2.23007,-4.03904,4.60844,-2.66787,0.0426969,1.1188,-1.1891,0.635715,-0.208027,2.44503,-7.1117,13.8869,-20.1138,24.1324,-23.1519,17.5492,-10.0955,4.16811,-0.77769,0.18271,-0.844785,1.20357,-0.783713,-0.888453,2.69722,-3.43812,2.94229,-1.65259,0.557699,0.0572347,0.288645,-1.07347,2.43699,-3.80299,4.66095,-4.32181,3.05348,-1.52811,0.452571
-0.385477,0.460829,-0.289389,-0.454439,0.995739,-1.84155,1.55002,-1.14306,0.63967,-0.280397,0.172594,-0.80849,1.60381,-2.33306,2.59435,-2.54617,1.90728,-1.27589,0.660847,-0.285799,-0.186321,0.73611,-1.87008,3.60436,-5.57036,6.67672,-6.06964,4.83379,-2.75195,1.25521,0.65987,-2.35777,4.31481,-5.10116,3.4624,-1.04629,-0.256491,0.655058,-0.406233,0.152803,-2.31701,6.75824,-13.2325,19.2286,-23.1519,22.3289,-17.0729,9.96279,-4.18551,0.830256,-0.192598,0.864526,-1.26787,0.934828,0.597198,-2.29229,3.04684,-2.68664,1.5398,-0.539836,-0.0494365,-0.292988,1.04983,-2.34664,3.63004,-4.42711,4.09392,-2.88744,1.44326,-0.427142
0.250239,-0.213005,-0.0514976,0.757834,-1.28075,1.97267,-1.68937,1.23668,-0.675404,0.283877,-0.132645,0.609456,-1.20545,1.74562,-1.93475,1.89138,-1.41248,0.93511,-0.479433,0.204481,0.136247,-0.53588,1.37701,-2.66992,4.13929,-4.97291,4.53198,-3.611,2.05535,-0.932224,-0.586045,2.08238,-3.86446,4.78215,-3.82812,2.11721,-0.867805,0.130133,0.0463873,-0.0541356,1.71913,-5.04073,9.91617,-14.4902,17.5492,-17.0729,13.2391,-7.90222,3.40887,-0.736051,0.164941,-0.712522,1.07985,-0.901001,-0.179496,1.41584,-2.03531,1.89097,-1.12058,0.416383,0.0316553,0.238574,-0.814025,1.78054,-2.71939,3.2932,-3.03388,2.13405,-1.06451,0.314353
-0.0982318,-0.0215098,0.306567,-0.847593,1.25358,-1.69377,1.46854,-1.06902,0.572674,-0.233189,0.0778098,-0.344721,0.677859,-0.972166,1.06929,-1.03866,0.772095,-0.502163,0.252995,-0.105339,-0.0706732,0.281179,-0.74229,1.4625,-2.28697,2.76323,-2.53216,2.01963,-1.14884,0.514781,0.421561,-1.49568,2.83167,-3.70422,3.4642,-2.60165,1.60248,-0.721006,0.241296,-0.030941,-0.949523,2.81887,-5.59323,8.25565,-10.0955,9.96279,-7.90222,4.88642,-2.19209,0.529547,-0.104499,0.437903,-0.687577,0.644586,-0.107576,-0.536919,0.919572,-0.948726,0.597605,-0.244935,-0.0146738,-0.14683,0.475451,-1.01442,1.52496,-1.83158,1.68054,-1.17757,0.585375,-0.171651
0.0163174,0.0845551,-0.270612,0.56225,-0.782937,0.985031,-0.85992,0.624004,-0.330523,0.132154,-0.0328204,0.138819,-0.27083,0.383198,-0.416811,0.401431,-0.296605,0.188169,-0.0924219,0.0371023,0.0247546,-0.10122,0.279049,-0.563817,0.893403,-1.0886,1.00547,-0.803117,0.456431,-0.201032,-0.217447,0.77171,-1.48578,2.02772,-2.09158,1.79874,-1.23852,0.634901,-0.239239,0.0449217,0.371283,-1.12216,2.25221,-3.36787,4.16811,-4.18551,3.40887,-2.19209,1.02379,-0.273444,0.0466811,-0.190825,0.310266,-0.321548,0.144337,0.0843084,-0.252649,0.320369,-0.222169,0.103623,0.00457422,0.0645435,-0.198355,0.412013,-0.608204,0.723707,-0.661114,0.461022,-0.228119,0.0661622
0.0152859,-0.0711765,0.152179,-0.25005,0.324273,-0.372274,0.327184,-0.23702,0.124053,-0.0489883,0.00610716,-0.0217107,0.0407995,-0.0535955,0.0541222,-0.0499922,0.0359427,-0.0195568,0.00796502,-0.00225574,-0.000451374,0.00588711,-0.0276118,0.0699558,-0.123168,0.15917,-0.154219,0.12452,-0.0705364,0.028256,0.0701522,-0.250875,0.500346,-0.735161,0.868752,-0.861005,0.649424,-0.362249,0.145208,-0.0308716,-0.0539364,0.180306,-0.380799,0.6012,-0.77769,0.830256,-0.736051,0.529547,-0.273444,0.0896429,-0.00848658,0.0345237,-0.0626533,0.083168,-0.0848503,0.0754942,-0.0427493,-0.00670778,0.0219071,-0.0202873,-0.000400198,-0.0130993,0.0358505,-0.0696174,0.0973555,-0.112996,0.102301,-0.070042,0.0339343,-0.00918007
0.0122845,-0.025015,0.0262031,-0.0112528,-0.00207859,0.0240593,-0.0257754,0.0205121,-0.0117063,0.00334337,-0.000298453,0.00838392,-0.018413,0.031418,-0.0389147,0.0370493,-0.026299,0.0156016,-0.0068156,0.00208462,0.00738172,-0.0140613,0.0282306,-0.0406395,0.0530603,-0.05776,0.0484355,-0.03983,0.0240191,-0.0136482,-0.00598399,-0.0005011,0.0259334,-0.0852091,0.148924,-0.162655,0.112942,-0.0557408,0.0194483,-0.00370016,0.0239864,-0.0504154,0.0969003,-0.138649,0.18271,-0.192598,0.164941,-0.104499,0.0466811,-0.00848658,0.0257095,-0.0840124,0.152185,-0.193624,0.181767,-0.128291,0.0664283,-0.0160982,-0.00391612,0.00755645,-0.00583633,0.0215373,-0.0397746,0.0529113,-0.0522795,0.0402793,-0.0237056,0.0130136,-0.00594535,0.00316588
-0.043672,0.0917888,-0.111919,0.0835084,-0.0597039,-0.00366546,0.0164946,-0.0229811,0.0182963,-0.00630052,-0.00119722,-0.0264146,0.0598169,-0.1042,0.127827,-0.124737,0.0905476,-0.0561106,0.0259313,-0.00908072,-0.0234317,0.0437707,-0.089443,0.136035,-0.192003,0.220484,-0.192207,0.161021,-0.0974299,0.0537456,0.0179731,0.00974679,-0.0972097,0.299559,-0.523952,0.580152,-0.402835,0.202825,-0.0728513,0.018378,-0.103501,0.239592,-0.461972,0.662188,-0.844785,0.864526,-0.712522,0.437903,-0.190825,0.0345237,-0.0840124,0.280642,-0.512234,0.657744,-0.621982,0.445529,-0.238157,0.0619704,0.0109077,-0.0272335,0.0186672,-0.0747336,0.144694,-0.20491,0.219646,-0.190064,0.130709,-0.079966,0.0381813,-0.0160599
0.0676482,-0.154759,0.215124,-0.215933,0.220242,-0.14696,0.104607,-0.0451061,0.00711735,0.00103801,0.0137567,0.0141819,-0.0450307,0.100996,-0.13135,0.133195,-0.0978792,0.0602242,-0.0268379,0.00871747,0.0340082,-0.0440001,0.0795972,-0.107239,0.164123,-0.20153,0.180904,-0.167807,0.109293,-0.0675787,-0.0166404,-0.0860723,0.292384,-0.672515,1.01841,-1.03339,0.656273,-0.303529,0.100787,-0.0328791,0.150942,-0.331386,0.639846,-0.920431,1.20357,-1.26787,1.07985,-0.687577,0.310266,-0.0626533,0.152185,-0.512234,0.958047,-1.27723,1.29093,-1.03278,0.656553,-0.266907,0.0527989,0.0360015,-0.0368593,0.140182,-0.264018,0.360664,-0.369081,0.298701,-0.188477,0.108958,-0.050873,0.024215
-0.0589189,0.1626,-0.277282,0.373643,-0.466129,0.454271,-0.366242,0.205855,-0.07724,0.0152796,-0.04068,0.0514798,-0.0741822,0.0549199,-0.0424117,0.025847,-0.0155699,0.0122563,-0.00965571,0.00614348,-0.0255606,-0.0177111,0.0707477,-0.155649,0.180632,-0.166281,0.128816,-0.0541809,0.00694251,0.0206755,-0.00703818,0.233163,-0.576947,1.06767,-1.36161,1.19219,-0.61649,0.215175,-0.0475168,0.0359938,-0.107124,0.183729,-0.359153,0.529489,-0.783713,0.934828,-0.901001,0.644586,-0.321548,0.083168,-0.193624,0.657744,-1.27723,1.79718,-1.97988,1.78297,-1.30442,0.662149,-0.218534,-0.0177434,0.0533514,-0.187078,0.335232,-0.42652,0.393288,-0.265428,0.121331,-0.0511744,0.0201975,-0.0186021
-0.00152251,-0.0686501,0.21926,-0.453628,0.671931,-0.798345,0.665262,-0.394138,0.163676,-0.0349867,0.0782024,-0.17497,0.311063,-0.391328,0.427436,-0.38935,0.278882,-0.182111,0.0946504,-0.0405146,-0.00839932,0.151341,-0.38212,0.689371,-0.908247,0.9693,-0.818122,0.576667,-0.295664,0.111164,0.0505962,-0.41499,0.858679,-1.29701,1.26545,-0.741373,0.0625189,0.179608,-0.132189,-0.012115,-0.0837649,0.345899,-0.653259,0.898505,-0.888453,0.597198,-0.179496,-0.107576,0.144337,-0.0848503,0.181767,-0.621982,1.29093,-1.97988,2.45665,-2.52004,2.07617,-1.21083,0.483197,-0.0370179,-0.0623883,0.187211,-0.29784,0.306397,-0.175619,-0.0256327,0.162323,-0.154001,0.083685,-0.0114328
0.0769825,-0.0675293,-0.0891169,0.436387,-0.757782,1.02431,-0.867629,0.524624,-0.226164,0.0481722,-0.107216,0.28805,-0.533332,0.718206,-0.806568,0.750371,-0.541047,0.35096,-0.178485,0.0739819,0.0485489,-0.283322,0.682133,-1.19422,1.60085,-1.73878,1.48014,-1.08719,0.582582,-0.247642,-0.0881937,0.53092,-0.983022,1.24386,-0.80702,-0.040875,0.684274,-0.655614,0.336429,-0.0222045,0.29681,-0.909896,1.73029,-2.41765,2.69722,-2.29229,1.41584,-0.536919,0.0843084,0.0754942,-0.128291,0.445529,-1.03278,1.78297,-2.52004,2.89075,-2.58347,1.62611,-0.703922,0.0950804,0.0599762,-0.147848,0.190078,-0.0975283,-0.122897,0.369748,-0.468562,0.367899,-0.190866,0.0452317
-0.10937,0.131473,0.0175822,-0.396717,0.744339,-1.06453,0.912381,-0.564419,0.251319,-0.0571653,0.107901,-0.312734,0.587311,-0.808543,0.915501,-0.856221,0.617942,-0.398713,0.200735,-0.0819244,-0.0665544,0.319498,-0.758626,1.31514,-1.77351,1.93808,-1.65517,1.23186,-0.668887,0.293447,0.108293,-0.549911,0.96232,-1.09418,0.495143,0.405633,-0.940711,0.785575,-0.383126,0.0340113,-0.383433,1.11864,-2.13531,3.00213,-3.43812,3.04684,-2.03531,0.919572,-0.252649,-0.0427493,0.0664283,-0.238157,0.656553,-1.30442,2.07617,-2.58347,2.43032,-1.59829,0.721718,-0.118302,-0.0468032,0.0924537,-0.080454,-0.0619584,0.299268,-0.5288,0.583269,-0.439934,0.225531,-0.0588503
0.0877033,-0.106253,-0.00791876,0.301979,-0.566563,0.82123,-0.709539,0.451655,-0.208522,0.0535205,-0.0758564,0.232192,-0.439838,0.612639,-0.694987,0.652315,-0.471412,0.302992,-0.151552,0.0612867,0.0541457,-0.238279,0.565084,-0.981054,1.3369,-1.47375,1.26638,-0.952432,0.521799,-0.232096,-0.0993124,0.443239,-0.765306,0.84864,-0.386958,-0.264512,0.629656,-0.526217,0.255929,-0.0233842,0.322079,-0.925214,1.77777,-2.52199,2.94229,-2.68664,1.89097,-0.948726,0.320369,-0.00670778,-0.0160982,0.0619704,-0.266907,0.662149,-1.21083,1.62611,-1.59829,1.09283,-0.51193,0.0974485,0.0266081,-0.0350417,-0.00514966,0.137595,-0.319342,0.475957,-0.49006,0.360893,-0.18345,0.0501919
-0.0451836,0.0522399,0.00980974,-0.16537,0.302845,-0.437914,0.380447,-0.247948,0.117685,-0.0330713,0.0365758,-0.116824,0.22264,-0.312434,0.354454,-0.333542,0.241316,-0.154586,0.0769248,-0.0308906,-0.0285968,0.119286,-0.283508,0.494235,-0.680367,0.756089,-0.653544,0.495521,-0.273217,0.12242,0.0598827,-0.246663,0.426459,-0.475886,0.247086,0.0722325,-0.25441,0.222688,-0.109757,0.0094872,-0.177255,0.50632,-0.97849,1.39859,-1.65259,1.5398,-1.12058,0.597605,-0.222169,0.0219071,-0.00391612,0.0109077,0.0527989,-0.218534,0.483197,-0.703922,0.721718,-0.51193,0.24787,-0.0530835,-0.0104816,0.00496778,0.0274961,-0.105202,0.199808,-0.27428,0.27143,-0.196862,0.099478,-0.0279633
