0.0033673,-0.0141529,0.0293341,-0.0437455,0.0477825,-0.0435749,0.0319827,-0.0188217,0.00823983,-0.00222231,0.00599258,-0.0197886,0.0429645,-0.0720515,0.0983223,-0.100783,0.0784942,-0.047434,0.0215737,-0.00558366,-0.00970065,0.0296484,-0.0493392,0.0520729,-0.0274968,-0.0106813,0.0329602,-0.035802,0.0222649,-0.00878137,0.0168618,-0.0692779,0.156775,-0.258436,0.325752,-0.315496,0.243116,-0.145551,0.0632453,-0.0142587,0.0346574,-0.111399,0.246897,-0.395461,0.500692,-0.489885,0.379845,-0.220811,0.0906406,-0.0155539,-0.0824185,0.28304,-0.525571,0.71267,-0.74644,0.616444,-0.402488,0.215488,-0.0872778,0.026686,-0.0114093,0.0336337,-0.0637259,0.0905563,-0.105581,0.0990107,-0.0747312,0.0445431,-0.0194544,0.00483425
-0.0141529,0.0900752,-0.178134,0.254218,-0.250158,0.175307,-0.102285,0.0556894,-0.0251639,0.00918985,-0.000937095,-0.0195397,0.00668205,0.0244388,-0.0757568,0.0891971,-0.0671531,0.0315342,-0.00656252,-0.0042102,0.0562464,-0.194886,0.297758,-0.282427,0.109712,0.0848083,-0.182085,0.159037,-0.0832594,0.0179487,0.120789,-0.342459,0.542426,-0.581917,0.460653,-0.284789,0.124805,-0.0468121,0.0144535,-0.0133828,-0.102013,0.209577,-0.49856,0.835076,-1.15853,1.14698,-0.880161,0.422568,-0.109658,-0.0458251,0.141141,-0.613002,1.17776,-1.67078,1.80313,-1.6027,1.13499,-0.704198,0.332366,-0.14031,0.0658074,-0.285755,0.597819,-0.934415,1.13839,-1.1375,0.910434,-0.606559,0.299766,-0.103691
0.0293341,-0.178134,0.377961,-0.56845,0.582893,-0.419276,0.249047,-0.129584,0.0540286,-0.0149847,-0.00343089,0.0645233,-0.0826203,0.0728029,0.00501431,-0.0484,0.0415371,-0.0135434,-0.0056245,0.00961161,-0.125427,0.434035,-0.700631,0.737831,-0.427452,0.00823363,0.246044,-0.264366,0.151735,-0.0392935,-0.267599,0.762931,-1.19069,1.23708,-0.90674,0.488677,-0.148372,0.0268509,-0.00128587,0.0284554,0.122002,-0.0522228,0.186753,-0.401915,0.856732,-0.985551,0.79845,-0.264028,-0.0432421,0.161279,-0.309049,1.38898,-2.79107,4.10724,-4.55514,4.08746,-2.92593,1.78386,-0.819865,0.312546,-0.124236,0.509577,-1.07258,1.69137,-2.09363,2.11254,-1.70041,1.12669,-0.551827,0.184479
-0.0437455,0.254218,-0.56845,0.886631,-0.936467,0.690276,-0.418514,0.212286,-0.0833567,0.0169821,0.0100422,-0.116213,0.181345,-0.212204,0.117029,-0.0348154,0.011928,-0.0164088,0.0199494,-0.0125372,0.194255,-0.665332,1.09969,-1.20296,0.771775,-0.125371,-0.295611,0.37107,-0.227009,0.0685676,0.351637,-0.981498,1.44485,-1.32575,0.70445,-0.10974,-0.248039,0.229419,-0.108805,-0.0231631,-0.119213,-0.207493,0.376455,-0.449096,-0.0577176,0.384069,-0.401438,-0.0696036,0.266164,-0.287549,0.508614,-2.28852,4.69696,-7.01572,7.85872,-7.04434,5.03791,-3.02454,1.36441,-0.488013,0.170264,-0.655798,1.38561,-2.19914,2.75962,-2.80471,2.26565,-1.49069,0.722673,-0.232895
0.0477825,-0.250158,0.582893,-0.936467,1.02497,-0.801828,0.514711,-0.262826,0.0993722,-0.013714,0.00178511,0.067489,-0.0890614,0.0658374,0.082048,-0.180761,0.163766,-0.098591,0.0389701,-0.0085545,-0.202148,0.665239,-1.10107,1.19375,-0.733261,0.0263791,0.419304,-0.493917,0.305642,-0.107559,-0.107635,0.168949,0.146294,-0.962684,1.89241,-2.21447,1.91977,-1.181,0.506861,-0.0694196,0.197375,-0.0525198,0.126365,-0.286982,0.954564,-1.29284,1.13635,-0.403412,-0.0437186,0.222447,-0.759257,3.12612,-6.31919,9.28012,-10.2682,8.99419,-6.2766,3.63208,-1.58249,0.525346,-0.164314,0.550721,-1.14679,1.80292,-2.27918,2.31012,-1.85618,1.19278,-0.562185,0.166189
-0.0435749,0.175307,-0.419276,0.690276,-0.801828,0.720536,-0.519332,0.280651,-0.107703,0.0128302,-0.0491484,0.146457,-0.328146,0.577369,-0.858693,0.935249,-0.748069,0.463311,-0.216984,0.0632473,0.145789,-0.428126,0.701303,-0.716801,0.333362,0.25254,-0.578745,0.60278,-0.371237,0.149667,-0.416864,1.53357,-3.30431,5.22405,-6.41297,6.06696,-4.57458,2.67483,-1.13598,0.242732,-0.402447,1.07677,-2.27633,3.56719,-4.68226,4.75227,-3.77477,2.15528,-0.841112,0.0962585,1.1136,-4.00105,7.72244,-10.8366,11.6086,-9.72616,6.45428,-3.48519,1.4181,-0.412444,0.122087,-0.268489,0.496377,-0.69741,0.857292,-0.811504,0.607201,-0.323062,0.116328,-0.00327174
0.0319827,-0.102285,0.249047,-0.418514,0.514711,-0.519332,0.404704,-0.226288,0.0876842,-0.00970565,0.0607748,-0.216242,0.458147,-0.764945,1.05069,-1.0988,0.868767,-0.538475,0.255048,-0.0751948,-0.0860829,0.217432,-0.344482,0.307149,-0.0341358,-0.365823,0.55563,-0.538383,0.327432,-0.13774,0.585139,-2.03931,4.13913,-6.17779,7.22647,-6.62142,4.86528,-2.81437,1.19224,-0.274098,0.42533,-1.38032,2.91203,-4.51735,5.62841,-5.53653,4.33621,-2.59536,1.11201,-0.234458,-1.03614,3.52911,-6.66444,9.1407,-9.62221,7.86598,-5.06498,2.61772,-1.01568,0.266624,-0.0762843,0.0832278,-0.0942467,0.0426435,-0.0189809,-0.0554201,0.102001,-0.148838,0.114498,-0.0719245
-0.0188217,0.0556894,-0.129584,0.212286,-0.262826,0.280651,-0.226288,0.131263,-0.0532146,0.00847817,-0.0451809,0.165173,-0.342982,0.561485,-0.750188,0.770374,-0.6048,0.373286,-0.17619,0.0509504,0.0444416,-0.10796,0.177433,-0.166216,0.0316711,0.18139,-0.287289,0.288021,-0.178948,0.0781314,-0.343345,1.20047,-2.42543,3.60354,-4.19578,3.83949,-2.82082,1.63738,-0.697022,0.164313,-0.263764,0.913401,-1.95134,3.0474,-3.76065,3.66745,-2.85635,1.72734,-0.755502,0.175265,0.63967,-2.12606,3.95746,-5.35347,5.58385,-4.52091,2.87741,-1.46262,0.556291,-0.140326,0.0458128,-0.0497281,0.0483876,-0.000535394,-0.0337949,0.0889085,-0.111179,0.123483,-0.0854244,0.048002
0.00823983,-0.0251639,0.0540286,-0.0833567,0.0993722,-0.107703,0.0876842,-0.0532146,0.023123,-0.0055427,0.0224804,-0.0817177,0.166944,-0.269223,0.353546,-0.358176,0.279437,-0.171498,0.080332,-0.0225433,-0.0184667,0.048665,-0.0875437,0.0987677,-0.0576177,-0.0249132,0.0756923,-0.0900577,0.0598958,-0.0278783,0.106225,-0.383861,0.788807,-1.19272,1.40859,-1.3075,0.974105,-0.573255,0.24701,-0.0592144,0.103443,-0.373655,0.81593,-1.29272,1.59806,-1.55434,1.20612,-0.730328,0.320993,-0.0765334,-0.26747,0.875594,-1.60897,2.15235,-2.23191,1.80299,-1.14561,0.581556,-0.220428,0.0557243,-0.0225689,0.0385848,-0.0553348,0.0516565,-0.0437816,0.0183363,0.00285978,-0.0216501,0.0202605,-0.0139888
-0.00222231,0.00918985,-0.0149847,0.0169821,-0.013714,0.0128302,-0.00970565,0.00847817,-0.0055427,0.00349953,-0.00761327,0.0261317,-0.0510243,0.0788011,-0.0988785,0.0959425,-0.0731332,0.0437302,-0.0196672,0.00467702,0.00509073,-0.0202309,0.0442118,-0.0677217,0.0756083,-0.0634569,0.0421,-0.020839,0.00730182,-0.00106292,0.0360213,-0.10527,0.186927,-0.237615,0.237481,-0.184061,0.111828,-0.0528061,0.0181727,-0.00358512,-0.00726101,0.0382949,-0.107186,0.195016,-0.253112,0.24619,-0.187283,0.110674,-0.0475756,0.0110352,0.0456108,-0.140956,0.239754,-0.300248,0.302958,-0.249127,0.163619,-0.0882552,0.0352854,-0.0108052,0.00964171,-0.0356249,0.0683933,-0.098057,0.112003,-0.106023,0.0816374,-0.0523712,0.025073,-0.00830823
0.00599258,-0.000937095,-0.00343089,0.0100422,0.00178511,-0.0491484,0.0607748,-0.0451809,0.0224804,-0.00761327,0.0376404,-0.147206,0.287274,-0.445658,0.55625,-0.54797,0.424322,-0.261551,0.124153,-0.0355574,0.000541124,-0.0176095,0.00500756,0.0253918,-0.0539274,0.0352699,-0.00817272,-0.0279363,0.031047,-0.0240216,0.151455,-0.528951,1.03272,-1.48161,1.66922,-1.50844,1.10236,-0.649788,0.283023,-0.0755171,0.111078,-0.507177,1.11867,-1.77691,2.12413,-2.02703,1.55888,-0.991145,0.471254,-0.146959,-0.311591,0.920834,-1.60985,2.03717,-2.02908,1.54643,-0.90984,0.397797,-0.119423,0.00844851,-0.0108443,-0.0256371,0.0938877,-0.204057,0.289745,-0.333241,0.294681,-0.221424,0.120856,-0.0491507
-0.0197886,-0.0195397,0.0645233,-0.116213,0.067489,0.146457,-0.216242,0.165173,-0.0817177,0.0261317,-0.147206,0.586318,-1.14957,1.78725,-2.22475,2.1882,-1.6939,1.04456,-0.496757,0.143,-0.021096,0.145229,-0.169501,0.11195,-0.00828758,0.0394212,-0.0830604,0.171304,-0.147407,0.102173,-0.736321,2.52023,-4.85722,6.86445,-7.62338,6.79338,-4.89752,2.85604,-1.23444,0.330888,-0.483856,2.21253,-4.83244,7.61609,-9.03255,8.57529,-6.5822,4.19915,-2.00736,0.634141,1.2182,-3.54319,6.14373,-7.68772,7.56962,-5.65727,3.22969,-1.33132,0.358068,0.00688228,0.0254167,0.175965,-0.529976,1.0607,-1.46531,1.64663,-1.43437,1.05629,-0.567246,0.224385
0.0429645,0.00668205,-0.0826203,0.181345,-0.0890614,-0.328146,0.458147,-0.342982,0.166944,-0.0510243,0.287274,-1.14957,2.3048,-3.63244,4.55178,-4.4803,3.46325,-2.12502,1.00333,-0.283575,0.0363807,-0.294266,0.44527,-0.528648,0.535157,-0.678117,0.68337,-0.674696,0.444863,-0.23804,1.69486,-5.76102,11.0761,-15.5959,17.2422,-15.2605,10.9195,-6.32006,2.71501,-0.723401,1.19302,-5.19552,11.2766,-17.6756,20.9518,-19.8141,15.1686,-9.56178,4.49908,-1.35542,-2.50009,7.31071,-12.6257,15.7184,-15.3565,11.3903,-6.41518,2.62819,-0.71297,0.0179462,-0.0731124,-0.236413,0.821413,-1.75919,2.51803,-2.90469,2.57149,-1.91375,1.03384,-0.409397
-0.0720515,0.0244388,0.0728029,-0.212204,0.0658374,0.577369,-0.764945,0.561485,-0.269223,0.0788011,-0.445658,1.78725,-3.63244,5.77256,-7.2666,7.15985,-5.53151,3.38512,-1.59197,0.445533,-0.0467219,0.452451,-0.777242,1.09448,-1.31862,1.64013,-1.58283,1.39621,-0.855019,0.412162,-2.8968,9.81565,-18.8619,26.5322,-29.2923,25.8525,-18.4372,10.6303,-4.55116,1.206,-2.09808,8.91303,-19.281,30.1397,-35.7322,33.7443,-25.8076,16.1692,-7.54404,2.21308,4.02925,-11.8485,20.4554,-25.4494,24.7998,-18.3607,10.2998,-4.23709,1.17335,-0.0728138,0.138251,0.264115,-1.07088,2.43244,-3.57687,4.20751,-3.7692,2.82908,-1.53623,0.610285
0.0983223,-0.0757568,0.00501431,0.117029,0.082048,-0.858693,1.05069,-0.750188,0.353546,-0.0988785,0.55625,-2.22475,4.55178,-7.2666,9.18466,-9.06732,7.00759,-4.28476,2.0117,-0.561129,0.0295519,-0.487246,0.890594,-1.37543,1.82196,-2.36111,2.30814,-1.99294,1.19541,-0.552741,3.76734,-12.7702,24.5911,-34.6692,38.358,-33.8831,24.1745,-13.9249,5.95295,-1.56521,2.77302,-11.5792,25.0109,-39.0598,46.3815,-43.8305,33.5314,-20.9285,9.70834,-2.79575,-5.2112,15.4708,-26.8324,33.5669,-32.8423,24.4754,-13.8658,5.84292,-1.70098,0.177609,-0.202327,-0.228791,1.13269,-2.72741,4.09324,-4.89252,4.42657,-3.35661,1.83632,-0.737299
-0.100783,0.0891971,-0.0484,-0.0348154,-0.180761,0.935249,-1.0988,0.770374,-0.358176,0.0959425,-0.54797,2.1882,-4.4803,7.15985,-9.06732,8.96554,-6.93384,4.24207,-1.99283,0.557339,-0.0132569,0.43707,-0.811623,1.29747,-1.78736,2.38646,-2.36586,2.04965,-1.22877,0.564905,-3.79108,12.854,-24.7896,35.009,-38.8053,34.317,-24.5051,14.1123,-6.0286,1.57606,-2.76831,11.4749,-24.7581,38.6447,-45.9333,43.4514,-33.2645,20.7441,-9.60678,2.75108,5.2448,-15.6635,27.2874,-34.3104,33.7134,-25.2627,14.4319,-6.17448,1.8462,-0.22224,0.206311,0.227472,-1.12329,2.7003,-4.03845,4.82495,-4.36687,3.32049,-1.82138,0.735828
0.0784942,-0.0671531,0.0415371,0.011928,0.163766,-0.748069,0.868767,-0.6048,0.279437,-0.0731332,0.424322,-1.6939,3.46325,-5.53151,7.00759,-6.93384,5.36516,-3.28481,1.5447,-0.433426,0.00730718,-0.330935,0.608416,-0.970174,1.34228,-1.81633,1.81496,-1.58481,0.95465,-0.441699,2.95454,-10.0177,19.3306,-27.3183,30.3057,-26.8169,19.1594,-11.0343,4.71268,-1.22909,2.13166,-8.8265,19.0339,-29.7039,35.3169,-33.43,25.6052,-15.9748,7.40092,-2.12173,-4.0899,12.239,-21.3696,26.9372,-26.5279,19.9272,-11.4271,4.91482,-1.48111,0.181076,-0.156778,-0.203389,0.927238,-2.17969,3.22774,-3.83355,3.45861,-2.6264,1.44005,-0.582551
-0.047434,0.0315342,-0.0135434,-0.0164088,-0.098591,0.463311,-0.538475,0.373286,-0.171498,0.0437302,-0.261551,1.04456,-2.12502,3.38512,-4.28476,4.24207,-3.28481,2.01442,-0.94958,0.268304,-0.00622715,0.20911,-0.366805,0.558739,-0.75151,1.03103,-1.0429,0.931216,-0.569777,0.270299,-1.81553,6.15516,-11.8808,16.7983,-18.6494,16.5159,-11.8092,6.80403,-2.9062,0.756679,-1.27432,5.29805,-11.4198,17.821,-21.1883,20.0755,-15.3888,9.62189,-4.47007,1.2927,2.52072,-7.54629,13.2087,-16.6949,16.4855,-12.4119,7.14359,-3.07943,0.928304,-0.10648,0.0882853,0.172303,-0.668974,1.49296,-2.16258,2.53041,-2.26338,1.70881,-0.933789,0.377142
0.0215737,-0.00656252,-0.0056245,0.0199494,0.0389701,-0.216984,0.255048,-0.17619,0.080332,-0.0196672,0.124153,-0.496757,1.00333,-1.59197,2.0117,-1.99283,1.5447,-0.94958,0.449252,-0.128243,0.00550275,-0.107741,0.177564,-0.249918,0.31509,-0.435163,0.445736,-0.411234,0.257521,-0.126861,0.863224,-2.92422,5.64333,-7.97897,8.86186,-7.85269,5.61825,-3.23789,1.38293,-0.35951,0.578865,-2.42536,5.22296,-8.14826,9.68324,-9.18533,7.04879,-4.42366,2.06506,-0.606146,-1.19363,3.57042,-6.26703,7.94399,-7.86729,5.9339,-3.42536,1.47511,-0.441716,0.043796,-0.0350495,-0.11832,0.39359,-0.825893,1.16392,-1.33521,1.18026,-0.883169,0.479941,-0.19302
-0.00558366,-0.0042102,0.00961161,-0.0125372,-0.0085545,0.0632473,-0.0751948,0.0509504,-0.0225433,0.00467702,-0.0355574,0.143,-0.283575,0.445533,-0.561129,0.557339,-0.433426,0.268304,-0.128243,0.0376778,-0.003101,0.0366194,-0.053039,0.0610216,-0.0622139,0.0894732,-0.0966128,0.0995487,-0.066778,0.0363242,-0.254499,0.859874,-1.65938,2.3472,-2.61116,2.31763,-1.6607,0.957193,-0.408458,0.105408,-0.148649,0.634043,-1.35972,2.11772,-2.5139,2.39432,-1.84434,1.16977,-0.553325,0.168843,0.344786,-1.03227,1.8295,-2.34224,2.34133,-1.77777,1.03701,-0.447995,0.133291,-0.00892608,0.00487844,0.062932,-0.173418,0.33039,-0.443329,0.490038,-0.423306,0.311375,-0.167425,0.0668681
-0.00970065,0.0562464,-0.125427,0.194255,-0.202148,0.145789,-0.0860829,0.0444416,-0.0184667,0.00509073,0.000541124,-0.021096,0.0363807,-0.0467219,0.0295519,-0.0132569,0.00730718,-0.00622715,0.00550275,-0.003101,0.0437448,-0.155361,0.270533,-0.322721,0.253839,-0.119093,0.0117442,0.0313407,-0.0261938,0.00827038,0.132701,-0.393407,0.652575,-0.751076,0.650263,-0.445034,0.232439,-0.106153,0.0396289,-0.0204741,0.00292439,-0.144739,0.27982,-0.386695,0.320872,-0.224945,0.147536,-0.157109,0.120547,-0.0771118,0.0985191,-0.457826,0.948956,-1.43418,1.62726,-1.48337,1.08087,-0.658303,0.298976,-0.106079,0.0387245,-0.152065,0.321573,-0.51102,0.641895,-0.65442,0.530324,-0.350528,0.17067,-0.0554865
0.0296484,-0.194886,0.434035,-0.665332,0.665239,-0.428126,0.217432,-0.10796,0.048665,-0.0202309,-0.0176095,0.145229,-0.294266,0.452451,-0.487246,0.43707,-0.330935,0.20911,-0.107741,0.0366194,-0.155361,0.592783,-1.08463,1.40209,-1.28768,0.881116,-0.453205,0.187313,-0.0623198,0.0262448,-0.866412,2.69774,-4.80785,6.15153,-6.14049,4.91535,-3.16164,1.68794,-0.686318,0.207522,-0.240919,1.36275,-2.74951,4.03041,-4.27738,3.76035,-2.79648,1.95304,-1.05728,0.436194,-0.05028,0.68031,-1.66132,2.8717,-3.56747,3.60324,-2.88846,1.92139,-0.926943,0.349215,-0.13365,0.589885,-1.27514,2.06535,-2.61673,2.70203,-2.21422,1.49065,-0.739018,0.250153
-0.0493392,0.297758,-0.700631,1.09969,-1.10107,0.701303,-0.344482,0.177433,-0.0875437,0.0442118,0.00500756,-0.169501,0.44527,-0.777242,0.890594,-0.811623,0.608416,-0.366805,0.177564,-0.053039,0.270533,-1.08463,2.18444,-3.15882,3.3769,-2.79717,1.85444,-1.0004,0.410606,-0.114127,2.02132,-6.33931,11.4521,-14.9021,15.1447,-12.2729,7.98462,-4.26912,1.72879,-0.493444,0.841301,-3.80049,7.72238,-11.4066,12.5869,-11.2695,8.42161,-5.46804,2.70482,-0.916426,0.031257,-0.963494,2.59413,-4.7769,6.2327,-6.49892,5.36609,-3.55727,1.68295,-0.570513,0.2101,-0.887936,1.92629,-3.14407,4.04814,-4.23397,3.5007,-2.35612,1.16344,-0.384303
0.0520729,-0.282427,0.737831,-1.20296,1.19375,-0.716801,0.307149,-0.166216,0.0987677,-0.0677217,0.0253918,0.11195,-0.528648,1.09448,-1.37543,1.29747,-0.970174,0.558739,-0.249918,0.0610216,-0.322721,1.40209,-3.15882,5.08602,-6.10347,5.66221,-4.18753,2.46452,-1.07109,0.278839,-3.4667,10.9635,-20.0699,26.5469,-27.4528,22.5454,-14.8621,7.98837,-3.23578,0.879759,-1.83083,7.38109,-15.0817,22.413,-25.3442,22.9782,-17.2428,10.7536,-5.02198,1.4483,0.229261,0.243431,-1.63621,4.08948,-6.24505,7.20775,-6.43865,4.36827,-2.04985,0.603972,-0.208989,0.84753,-1.86816,3.11762,-4.1496,4.4579,-3.75493,2.53915,-1.25165,0.400807
-0.0274968,0.109712,-0.427452,0.771775,-0.733261,0.333362,-0.0341358,0.0316711,-0.0576177,0.0756083,-0.0539274,-0.00828758,0.535157,-1.31862,1.82196,-1.78736,1.34228,-0.75151,0.31509,-0.0622139,0.253839,-1.28768,3.3769,-6.10347,8.10278,-8.17012,6.46471,-4.00006,1.79686,-0.464342,4.52685,-14.4438,26.7769,-35.9681,37.8018,-31.4503,21.0041,-11.3653,4.61442,-1.20595,2.81363,-10.5794,21.718,-32.4418,37.3262,-34.1684,25.7324,-15.6521,7.02816,-1.7741,-0.772025,1.76363,-1.96731,0.571794,1.76209,-3.82451,4.53272,-3.36636,1.59398,-0.34513,0.0978221,-0.373581,0.896085,-1.64343,2.4385,-2.83771,2.51658,-1.73557,0.859234,-0.26054
-0.0106813,0.0848083,0.00823363,-0.125371,0.0263791,0.25254,-0.365823,0.18139,-0.0249132,-0.0634569,0.0352699,0.0394212,-0.678117,1.64013,-2.36111,2.38646,-1.81633,1.03103,-0.435163,0.0894732,-0.119093,0.881116,-2.79717,5.66221,-8.17012,8.78985,-7.29697,4.70121,-2.17939,0.587321,-4.81402,15.5153,-29.122,39.7164,-42.4206,35.8019,-24.2663,13.2578,-5.41262,1.37196,-3.26194,11.8003,-24.3178,36.4953,-42.5237,39.2743,-29.703,17.8535,-7.85011,1.82791,1.54168,-4.64309,7.4935,-8.2987,6.45777,-3.09019,0.0689876,0.803621,-0.502416,-0.0305792,0.037547,-0.0792898,0.0171025,0.259882,-0.758537,1.1936,-1.23018,0.923381,-0.480791,0.148053
0.0329602,-0.182085,0.246044,-0.295611,0.419304,-0.578745,0.55563,-0.287289,0.0756923,0.0421,-0.00817272,-0.0830604,0.68337,-1.58283,2.30814,-2.36586,1.81496,-1.0429,0.445736,-0.0966128,0.0117442,-0.453205,1.85444,-4.18753,6.46471,-7.29697,6.25907,-4.14504,1.96316,-0.547046,4.03116,-13.0911,24.791,-34.1737,36.9126,-31.4666,21.5469,-11.8532,4.85923,-1.20893,2.8665,-10.1428,20.9572,-31.5544,37.0662,-34.4429,26.128,-15.6092,6.78479,-1.50642,-1.77252,5.68736,-9.7781,11.9234,-10.798,7.20008,-3.19746,1.08431,-0.319637,0.257164,-0.110826,0.307102,-0.494731,0.507902,-0.261755,-0.11163,0.330357,-0.337606,0.204293,-0.0707511
-0.035802,0.159037,-0.264366,0.37107,-0.493917,0.60278,-0.538383,0.288021,-0.0900577,-0.020839,-0.0279363,0.171304,-0.674696,1.39621,-1.99294,2.04965,-1.58481,0.931216,-0.411234,0.0995487,0.0313407,0.187313,-1.0004,2.46452,-4.00006,4.70121,-4.14504,2.82732,-1.37467,0.406603,-2.79902,9.15794,-17.4727,24.308,-26.5175,22.8272,-15.7916,8.7561,-3.60945,0.888482,-1.99213,7.00936,-14.519,21.9328,-25.9143,24.2273,-18.4439,11.0305,-4.79382,1.06545,1.61903,-5.27577,9.34671,-11.8702,11.3884,-8.28055,4.42377,-1.92125,0.676939,-0.281559,0.104466,-0.221408,0.329126,-0.293479,0.114743,0.157598,-0.306345,0.317784,-0.200718,0.0853388
0.0222649,-0.0832594,0.151735,-0.227009,0.305642,-0.371237,0.327432,-0.178948,0.0598958,0.00730182,0.031047,-0.147407,0.444863,-0.855019,1.19541,-1.22877,0.95465,-0.569777,0.257521,-0.066778,-0.0261938,-0.0623198,0.410606,-1.07109,1.79686,-2.17939,1.96316,-1.37467,0.684576,-0.214381,1.42339,-4.68286,8.97916,-12.5697,13.806,-11.9694,8.34257,-4.65413,1.92712,-0.472082,0.992506,-3.50062,7.26422,-11.0017,13.0456,-12.2549,9.35766,-5.61762,2.45245,-0.556616,-0.982597,3.20406,-5.75345,7.43421,-7.30689,5.47941,-3.0956,1.41147,-0.504846,0.169602,-0.0572926,0.0795394,-0.0829372,-0.000712973,0.122958,-0.26771,0.311873,-0.280226,0.168746,-0.0736805
-0.00878137,0.0179487,-0.0392935,0.0685676,-0.107559,0.149667,-0.13774,0.0781314,-0.0278783,-0.00106292,-0.0240216,0.102173,-0.23804,0.412162,-0.552741,0.564905,-0.441699,0.270299,-0.126861,0.0363242,0.00827038,0.0262448,-0.114127,0.278839,-0.464342,0.587321,-0.547046,0.406603,-0.214381,0.0772679,-0.510695,1.69194,-3.2599,4.59373,-5.08629,4.4538,-3.13807,1.76805,-0.737786,0.180941,-0.317431,1.15229,-2.39544,3.64119,-4.32805,4.09967,-3.14964,1.9226,-0.859098,0.214568,0.441934,-1.41624,2.57387,-3.37445,3.39231,-2.60086,1.52801,-0.703551,0.243011,-0.0573379,0.0141313,0.0351693,-0.114708,0.23923,-0.334542,0.39055,-0.351536,0.270266,-0.149994,0.0624139
0.0168618,0.120789,-0.267599,0.351637,-0.107635,-0.416864,0.585139,-0.343345,0.106225,0.0360213,0.151455,-0.736321,1.69486,-2.8968,3.76734,-3.79108,2.95454,-1.81553,0.863224,-0.254499,0.132701,-0.866412,2.02132,-3.4667,4.52685,-4.81402,4.03116,-2.79902,1.42339,-0.510695,4.20942,-13.7224,25.9659,-35.831,38.8573,-33.448,23.1842,-12.9337,5.36822,-1.35929,2.24186,-8.65698,17.8531,-26.9089,31.3642,-29.3565,22.4454,-13.9741,6.44912,-1.80001,-2.57591,7.68369,-13.504,16.9315,-16.2299,11.4183,-5.79159,1.97422,-0.37813,-0.0564877,0.0778821,-0.92499,2.22236,-3.90743,5.12868,-5.56084,4.74379,-3.39479,1.77899,-0.672175
-0.0692779,-0.342459,0.762931,-0.981498,0.168949,1.53357,-2.03931,1.20047,-0.383861,-0.10527,-0.528951,2.52023,-5.76102,9.81565,-12.7702,12.854,-10.0177,6.15516,-2.92422,0.859874,-0.393407,2.69774,-6.33931,10.9635,-14.4438,15.5153,-13.0911,9.15794,-4.68286,1.69194,-13.7224,44.8035,-84.8909,117.331,-127.449,109.879,-76.285,42.6119,-17.7033,4.47711,-7.39666,28.5207,-58.9042,88.9021,-103.788,97.2501,-74.3865,46.2745,-21.3274,5.92959,8.7709,-26.3001,46.3434,-58.3432,56.2264,-39.9755,20.6921,-7.39717,1.61283,0.0815024,-0.208708,2.90083,-7.03926,12.4621,-16.4031,17.84,-15.2533,10.9515,-5.75523,2.18598
0.156775,0.542426,-1.19069,1.44485,0.146294,-3.30431,4.13913,-2.42543,0.788807,0.186927,1.03272,-4.85722,11.0761,-18.8619,24.5911,-24.7896,19.3306,-11.8808,5.64333,-1.65938,0.652575,-4.80785,11.4521,-20.0699,26.7769,-29.122,24.791,-17.4727,8.97916,-3.2599,25.9659,-84.8909,161.089,-223.05,242.738,-209.617,145.764,-81.5056,33.8814,-8.54395,14.098,-54.1211,111.83,-168.886,197.48,-185.269,141.8,-88.1157,40.5334,-11.1999,-17.1717,51.8679,-91.7901,116.22,-112.717,81.0408,-42.8219,16.0213,-3.88729,0.0870251,0.318482,-5.29715,12.9508,-23.0394,30.3609,-33.0903,28.3423,-20.4167,10.7616,-4.11259
-0.258436,-0.581917,1.23708,-1.32575,-0.962684,5.22405,-6.17779,3.60354,-1.19272,-0.237615,-1.48161,6.86445,-15.5959,26.5322,-34.6692,35.009,-27.3183,16.7983,-7.97897,2.3472,-0.751076,6.15153,-14.9021,26.5469,-35.9681,39.7164,-34.1737,24.308,-12.5697,4.59373,-35.831,117.331,-223.05,309.514,-337.59,292.1,-203.514,113.939,-47.3974,11.9123,-19.6001,74.8727,-154.792,233.941,-274.062,257.504,-197.239,122.426,-56.1995,15.4247,24.6679,-75.1061,133.551,-170.16,166.179,-120.905,65.2543,-25.4967,6.75485,-0.512368,-0.318345,7.02728,-17.3369,31.0197,-40.9232,44.7073,-38.3689,27.7499,-14.6802,5.65228
0.325752,0.460653,-0.90674,0.70445,1.89241,-6.41297,7.22647,-4.19578,1.40859,0.237481,1.66922,-7.62338,17.2422,-29.2923,38.358,-38.8053,30.3057,-18.6494,8.86186,-2.61116,0.650263,-6.14049,15.1447,-27.4528,37.8018,-42.4206,36.9126,-26.5175,13.806,-5.08629,38.8573,-127.449,242.738,-337.59,369.074,-319.998,223.4,-125.232,52.1323,-13.056,21.3593,-81.1919,167.918,-253.943,298.05,-280.498,215.04,-133.352,61.1024,-16.67,-27.8379,85.4043,-152.597,195.628,-192.332,141.476,-77.8195,31.5198,-8.9054,0.986513,0.223564,-7.38197,18.3633,-33.0192,43.5746,-47.689,40.9956,-29.767,15.8054,-6.13367
-0.315496,-0.284789,0.488677,-0.10974,-2.21447,6.06696,-6.62142,3.83949,-1.3075,-0.184061,-1.50844,6.79338,-15.2605,25.8525,-33.8831,34.317,-26.8169,16.5159,-7.85269,2.31763,-0.445034,4.91535,-12.2729,22.5454,-31.4503,35.8019,-31.4666,22.8272,-11.9694,4.4538,-33.448,109.879,-209.617,292.1,-319.998,277.968,-194.421,109.129,-45.4658,11.3574,-18.4474,69.9278,-144.71,219.02,-257.476,242.671,-186.189,115.415,-52.8318,14.3698,24.9058,-76.8148,137.738,-177.396,175.317,-130.048,72.5614,-30.1326,8.86085,-1.14931,-0.10524,6.23169,-15.6189,28.2072,-37.2285,40.7973,-35.1143,25.581,-13.6252,5.3236
0.243116,0.124805,-0.148372,-0.248039,1.91977,-4.57458,4.86528,-2.82082,0.974105,0.111828,1.10236,-4.89752,10.9195,-18.4372,24.1745,-24.5051,19.1594,-11.8092,5.61825,-1.6607,0.232439,-3.16164,7.98462,-14.8621,21.0041,-24.2663,21.5469,-15.7916,8.34257,-3.13807,23.1842,-76.285,145.764,-203.514,223.4,-194.421,136.24,-76.5742,31.9307,-7.95856,12.8281,-48.5257,100.495,-152.239,179.253,-169.192,129.914,-80.5129,36.8287,-9.99596,-17.949,55.6054,-100.011,129.32,-128.392,95.9378,-54.187,22.964,-6.96086,0.995334,0.0135252,-4.24751,10.7295,-19.4644,25.6935,-28.1923,24.2937,-17.7551,9.48553,-3.73057
-0.145551,-0.0468121,0.0268509,0.229419,-1.181,2.67483,-2.81437,1.63738,-0.573255,-0.0528061,-0.649788,2.85604,-6.32006,10.6303,-13.9249,14.1123,-11.0343,6.80403,-3.23789,0.957193,-0.106153,1.68794,-4.26912,7.98837,-11.3653,13.2578,-11.8532,8.7561,-4.65413,1.76805,-12.9337,42.6119,-81.5056,113.939,-125.232,109.129,-76.5742,43.0871,-17.9822,4.47955,-7.18418,27.1962,-56.3847,85.5057,-100.782,95.2129,-73.141,45.3378,-20.7413,5.63437,10.3331,-32.0577,57.7201,-74.7586,74.3947,-55.8076,31.7291,-13.5832,4.17386,-0.616367,0.0166326,2.34726,-5.9717,10.879,-14.3732,15.7905,-13.6197,9.97467,-5.339,2.10806
0.0632453,0.0144535,-0.00128587,-0.108805,0.506861,-1.13598,1.19224,-0.697022,0.24701,0.0181727,0.283023,-1.23444,2.71501,-4.55116,5.95295,-6.0286,4.71268,-2.9062,1.38293,-0.408458,0.0396289,-0.686318,1.72879,-3.23578,4.61442,-5.41262,4.85923,-3.60945,1.92712,-0.737786,5.36822,-17.7033,33.8814,-47.3974,52.1323,-45.4658,31.9307,-17.9822,7.51033,-1.87175,2.99538,-11.3631,23.5865,-35.804,42.2263,-39.9121,30.665,-19.0147,8.70295,-2.36896,-4.39074,13.6187,-24.5176,31.762,-31.6347,23.7721,-13.5566,5.82815,-1.79962,0.267213,-0.0142225,-0.967012,2.4759,-4.52818,5.99108,-6.59019,5.68898,-4.17179,2.23543,-0.884443
-0.0142587,-0.0133828,0.0284554,-0.0231631,-0.0694196,0.242732,-0.274098,0.164313,-0.0592144,-0.00358512,-0.0755171,0.330888,-0.723401,1.206,-1.56521,1.57606,-1.22909,0.756679,-0.35951,0.105408,-0.0204741,0.207522,-0.493444,0.879759,-1.20595,1.37196,-1.20893,0.888482,-0.472082,0.180941,-1.35929,4.47711,-8.54395,11.9123,-13.056,11.3574,-7.95856,4.47955,-1.87175,0.47091,-0.762919,2.94258,-6.12354,9.30749,-10.9488,10.3223,-7.91744,4.92194,-2.26357,0.626642,1.09048,-3.33126,5.93822,-7.60676,7.50137,-5.55725,3.09835,-1.27801,0.368404,-0.0401383,-0.000639843,0.254703,-0.650902,1.19053,-1.58222,1.74094,-1.50152,1.09513,-0.583676,0.228068
0.0346574,-0.102013,0.122002,-0.119213,0.197375,-0.402447,0.42533,-0.263764,0.103443,-0.00726101,0.111078,-0.483856,1.19302,-2.09808,2.77302,-2.76831,2.13166,-1.27432,0.578865,-0.148649,0.00292439,-0.240919,0.841301,-1.83083,2.81363,-3.26194,2.8665,-1.99213,0.992506,-0.317431,2.24186,-7.39666,14.098,-19.6001,21.3593,-18.4474,12.8281,-7.18418,2.99538,-0.762919,1.67169,-6.26504,13.194,-20.181,23.8337,-22.2936,16.9609,-10.2945,4.58608,-1.13667,-1.73066,5.30911,-9.15113,11.3035,-10.7081,7.66287,-4.01048,1.60702,-0.480834,0.149985,-0.097807,0.146013,-0.116523,-0.114314,0.437887,-0.744668,0.791667,-0.651373,0.370058,-0.146612
-0.111399,0.209577,-0.0522228,-0.207493,-0.0525198,1.07677,-1.38032,0.913401,-0.373655,0.0382949,-0.507177,2.21253,-5.19552,8.91303,-11.5792,11.4749,-8.8265,5.29805,-2.42536,0.634043,-0.144739,1.36275,-3.80049,7.38109,-10.5794,11.8003,-10.1428,7.00936,-3.50062,1.15229,-8.65698,28.5207,-54.1211,74.8727,-81.1919,69.9278,-48.5257,27.1962,-11.3631,2.94258,-6.26504,24.1804,-51.0507,78.2039,-92.0256,85.9284,-65.321,39.9594,-18.0303,4.69112,6.66688,-19.8337,33.6421,-40.7269,37.8911,-26.2996,13.0155,-4.57585,1.04548,-0.225211,0.277874,-0.0965692,-0.593715,2.17258,-3.90168,5.15912,-4.9237,3.77252,-2.05357,0.780022
0.246897,-0.49856,0.186753,0.376455,0.126365,-2.27633,2.91203,-1.95134,0.81593,-0.107186,1.11867,-4.83244,11.2766,-19.281,25.0109,-24.7581,19.0339,-11.4198,5.22296,-1.35972,0.27982,-2.74951,7.72238,-15.0817,21.718,-24.3178,20.9572,-14.519,7.26422,-2.39544,17.8531,-58.9042,111.83,-154.792,167.918,-144.71,100.495,-56.3847,23.5865,-6.12354,13.194,-51.0507,107.994,-165.672,195.086,-182.185,138.469,-84.6825,38.1998,-9.93624,-14.2265,42.2828,-71.5941,86.5442,-80.4909,55.952,-27.7894,9.85859,-2.29579,0.513232,-0.650558,0.483198,0.700886,-3.77087,7.29444,-9.98019,9.67814,-7.48609,4.09696,-1.56056
-0.395461,0.835076,-0.401915,-0.449096,-0.286982,3.56719,-4.51735,3.0474,-1.29272,0.195016,-1.77691,7.61609,-17.6756,30.1397,-39.0598,38.6447,-29.7039,17.821,-8.14826,2.11772,-0.386695,4.03041,-11.4066,22.413,-32.4418,36.4953,-31.5544,21.9328,-11.0017,3.64119,-26.9089,88.9021,-168.886,233.941,-253.943,219.02,-152.239,85.5057,-35.804,9.30749,-20.181,78.2039,-165.672,254.433,-299.801,280.056,-212.855,130.152,-58.6987,15.2647,22.1028,-65.7159,111.258,-134.549,125.319,-87.4208,43.7401,-15.7562,3.78323,-0.865104,1.07419,-1.0363,-0.499893,4.94433,-10.2127,14.3651,-14.1056,10.9995,-6.04923,2.31428
0.500692,-1.15853,0.856732,-0.0577176,0.954564,-4.68226,5.62841,-3.76065,1.59806,-0.253112,2.12413,-9.03255,20.9518,-35.7322,46.3815,-45.9333,35.3169,-21.1883,9.68324,-2.5139,0.320872,-4.27738,12.5869,-25.3442,37.3262,-42.5237,37.0662,-25.9143,13.0456,-4.32805,31.3642,-103.788,197.48,-274.062,298.05,-257.476,179.253,-100.782,42.2263,-10.9488,23.8337,-92.0256,195.086,-299.801,353.702,-330.672,251.409,-153.553,69.1207,-17.8558,-26.5817,79.5261,-135.201,164.439,-154.15,108.705,-55.537,20.8864,-5.46574,1.35017,-1.39542,1.68038,-0.350406,-4.37721,10.2421,-15.1294,15.183,-12.0299,6.68408,-2.58971
-0.489885,1.14698,-0.985551,0.384069,-1.29284,4.75227,-5.53653,3.66745,-1.55434,0.24619,-2.02703,8.57529,-19.8141,33.7443,-43.8305,43.4514,-33.43,20.0755,-9.18533,2.39432,-0.224945,3.76035,-11.2695,22.9782,-34.1684,39.2743,-34.4429,24.2273,-12.2549,4.09967,-29.3565,97.2501,-185.269,257.504,-280.498,242.671,-169.192,95.2129,-39.9121,10.3223,-22.2936,85.9284,-182.185,280.056,-330.672,309.394,-235.347,143.729,-64.672,16.683,25.4622,-76.5139,130.648,-159.795,150.738,-107.259,55.7348,-21.5795,5.92614,-1.46089,1.35094,-1.59343,0.334361,4.12435,-9.5873,14.1647,-14.2251,11.318,-6.31291,2.47
0.379845,-0.880161,0.79845,-0.401438,1.13635,-3.77477,4.33621,-2.85635,1.20612,-0.187283,1.55888,-6.5822,15.1686,-25.8076,33.5314,-33.2645,25.6052,-15.3888,7.04879,-1.84434,0.147536,-2.79648,8.42161,-17.2428,25.7324,-29.703,26.128,-18.4439,9.35766,-3.14964,22.4454,-74.3865,141.8,-197.239,215.04,-186.189,129.914,-73.141,30.665,-7.91744,16.9609,-65.321,138.469,-212.855,251.409,-235.347,179.083,-109.389,49.2254,-12.7026,-19.6554,59.2001,-101.359,124.388,-117.763,84.1954,-44.1361,17.3219,-4.854,1.18055,-1.03072,1.12911,-0.0615065,-3.45846,7.66702,-11.1524,11.1309,-8.84386,4.93375,-1.93899
-0.220811,0.422568,-0.264028,-0.0696036,-0.403412,2.15528,-2.59536,1.72734,-0.730328,0.110674,-0.991145,4.19915,-9.56178,16.1692,-20.9285,20.7441,-15.9748,9.62189,-4.42366,1.16977,-0.157109,1.95304,-5.46804,10.7536,-15.6521,17.8535,-15.6092,11.0305,-5.61762,1.9226,-13.9741,46.2745,-88.1157,122.426,-133.352,115.415,-80.5129,45.3378,-19.0147,4.92194,-10.2945,39.9594,-84.6825,130.152,-153.553,143.729,-109.389,67.0117,-30.2873,7.93921,12.1619,-36.3972,62.2434,-76.2464,72.0972,-51.3305,26.717,-10.2457,2.72614,-0.561375,0.555136,-0.278056,-0.864376,3.57787,-6.49909,8.66405,-8.30627,6.43469,-3.53785,1.37594
0.0906406,-0.109658,-0.0432421,0.266164,-0.0437186,-0.841112,1.11201,-0.755502,0.320993,-0.0475756,0.471254,-2.00736,4.49908,-7.54404,9.70834,-9.60678,7.40092,-4.47007,2.06506,-0.553325,0.120547,-1.05728,2.70482,-5.02198,7.02816,-7.85011,6.78479,-4.79382,2.45245,-0.859098,6.44912,-21.3274,40.5334,-56.1995,61.1024,-52.8318,36.8287,-20.7413,8.70295,-2.26357,4.58608,-18.0303,38.1998,-58.6987,69.1207,-64.672,49.2254,-30.2873,13.7795,-3.69683,-5.54045,16.3992,-27.9506,34.0784,-32.099,22.6444,-11.5965,4.24359,-1.00959,0.131475,-0.198393,-0.145163,0.980393,-2.57088,4.11983,-5.11905,4.73093,-3.57287,1.93399,-0.74234
-0.0155539,-0.0458251,0.161279,-0.287549,0.222447,0.0962585,-0.234458,0.175265,-0.0765334,0.0110352,-0.146959,0.634141,-1.35542,2.21308,-2.79575,2.75108,-2.12173,1.2927,-0.606146,0.168843,-0.0771118,0.436194,-0.916426,1.4483,-1.7741,1.82791,-1.50642,1.06545,-0.556616,0.214568,-1.80001,5.92959,-11.1999,15.4247,-16.67,14.3698,-9.99596,5.63437,-2.36896,0.626642,-1.13667,4.69112,-9.93624,15.2647,-17.8558,16.683,-12.7026,7.93921,-3.69683,1.0709,1.49822,-4.26466,7.1775,-8.59769,7.98118,-5.43641,2.60693,-0.759297,0.0602495,0.0787996,0.00472474,0.283788,-0.793757,1.54435,-2.16085,2.44295,-2.1346,1.54549,-0.814027,0.305055
-0.0824185,0.141141,-0.309049,0.508614,-0.759257,1.1136,-1.03614,0.63967,-0.26747,0.0456108,-0.311591,1.2182,-2.50009,4.02925,-5.2112,5.2448,-4.0899,2.52072,-1.19363,0.344786,0.0985191,-0.05028,0.031257,0.229261,-0.772025,1.54168,-1.77252,1.61903,-0.982597,0.441934,-2.57591,8.7709,-17.1717,24.6679,-27.8379,24.9058,-17.949,10.3331,-4.39074,1.09048,-1.73066,6.66688,-14.2265,22.1028,-26.5817,25.4622,-19.6554,12.1619,-5.54045,1.49822,3.67507,-11.5742,20.959,-27.5024,27.9838,-21.886,13.3001,-6.28866,2.18428,-0.434434,0.159297,0.161119,-0.721415,1.66861,-2.37784,2.80742,-2.54015,1.98812,-1.12148,0.483379
0.28304,-0.613002,1.38898,-2.28852,3.12612,-4.00105,3.52911,-2.12606,0.875594,-0.140956,0.920834,-3.54319,7.31071,-11.8485,15.4708,-15.6635,12.239,-7.54629,3.57042,-1.03227,-0.457826,0.68031,-0.963494,0.243431,1.76363,-4.64309,5.68736,-5.27577,3.20406,-1.41624,7.68369,-26.3001,51.8679,-75.1061,85.4043,-76.8148,55.6054,-32.0577,13.6187,-3.33126,5.30911,-19.8337,42.2828,-65.7159,79.5261,-76.5139,59.2001,-36.3972,16.3992,-4.26466,-11.5742,37.0892,-67.78,89.8471,-92.1636,72.9033,-44.9929,21.8257,-7.84612,1.72802,-0.594075,-0.110808,1.37571,-3.7433,5.50228,-6.74713,6.26429,-5.09501,2.95734,-1.334
-0.525571,1.17776,-2.79107,4.69696,-6.31919,7.72244,-6.66444,3.95746,-1.60897,0.239754,-1.60985,6.14373,-12.6257,20.4554,-26.8324,27.2874,-21.3696,13.2087,-6.26703,1.8295,0.948956,-1.66132,2.59413,-1.63621,-1.96731,7.4935,-9.7781,9.34671,-5.75345,2.57387,-13.504,46.3434,-91.7901,133.551,-152.597,137.738,-100.011,57.7201,-24.5176,5.93822,-9.15113,33.6421,-71.5941,111.258,-135.201,130.648,-101.359,62.2434,-27.9506,7.1775,20.959,-67.78,124.716,-166.508,171.813,-136.826,85.2164,-41.8203,15.2321,-3.41568,1.08589,0.255214,-2.53675,6.72171,-9.68203,11.7883,-10.9238,8.95798,-5.23961,2.40376
0.71267,-1.67078,4.10724,-7.01572,9.28012,-10.8366,9.1407,-5.35347,2.15235,-0.300248,2.03717,-7.68772,15.7184,-25.4494,33.5669,-34.3104,26.9372,-16.6949,7.94399,-2.34224,-1.43418,2.8717,-4.7769,4.08948,0.571794,-8.2987,11.9234,-11.8702,7.43421,-3.37445,16.9315,-58.3432,116.22,-170.16,195.628,-177.396,129.32,-74.7586,31.762,-7.60676,11.3035,-40.7269,86.5442,-134.549,164.439,-159.795,124.388,-76.2464,34.0784,-8.59769,-27.5024,89.8471,-166.508,223.978,-232.556,186.545,-117.311,58.2832,-21.5192,4.92373,-1.46474,-0.290737,3.13881,-8.34088,11.819,-14.368,13.3411,-11.1043,6.57575,-3.08893
-0.74644,1.80313,-4.55514,7.85872,-10.2682,11.6086,-9.62221,5.58385,-2.23191,0.302958,-2.02908,7.56962,-15.3565,24.7998,-32.8423,33.7134,-26.5279,16.4855,-7.86729,2.34133,1.62726,-3.56747,6.2327,-6.24505,1.76209,6.45777,-10.798,11.3884,-7.30689,3.39231,-16.2299,56.2264,-112.717,166.179,-192.332,175.317,-128.392,74.3947,-31.6347,7.50137,-10.7081,37.8911,-80.4909,125.319,-154.15,150.738,-117.763,72.0972,-32.099,7.98118,27.9838,-92.1636,171.813,-232.556,242.755,-195.941,124.245,-62.3412,23.2529,-5.38097,1.52973,0.249209,-3.01985,8.06476,-11.2457,13.6453,-12.6914,10.72,-6.42467,3.08624
0.616444,-1.6027,4.08746,-7.04434,8.99419,-9.72616,7.86598,-4.52091,1.80299,-0.249127,1.54643,-5.65727,11.3903,-18.3607,24.4754,-25.2627,19.9272,-12.4119,5.9339,-1.77777,-1.48337,3.60324,-6.49892,7.20775,-3.82451,-3.09019,7.20008,-8.28055,5.47941,-2.60086,11.4183,-39.9755,81.0408,-120.905,141.476,-130.048,95.9378,-55.8076,23.7721,-5.55725,7.66287,-26.2996,55.952,-87.4208,108.705,-107.259,84.1954,-51.3305,22.6444,-5.43641,-21.886,72.9033,-136.826,186.545,-195.941,159.417,-102.143,51.9502,-19.6618,4.67354,-1.30826,0.221819,1.41075,-4.67147,6.55906,-8.24856,7.88161,-7.01581,4.35883,-2.20947
-0.402488,1.13499,-2.92593,5.03791,-6.2766,6.45428,-5.06498,2.87741,-1.14561,0.163619,-0.90984,3.22969,-6.41518,10.2998,-13.8658,14.4319,-11.4271,7.14359,-3.42536,1.03701,1.08087,-2.88846,5.36609,-6.43865,4.53272,0.0689876,-3.19746,4.42377,-3.0956,1.52801,-5.79159,20.6921,-42.8219,65.2543,-77.8195,72.5614,-54.187,31.7291,-13.5566,3.09835,-4.01048,13.0155,-27.7894,43.7401,-55.537,55.7348,-44.1361,26.717,-11.5965,2.60693,13.3001,-44.9929,85.2164,-117.311,124.245,-102.143,66.3275,-34.3029,13.2085,-3.2317,0.889968,-0.484649,-0.0597639,1.4668,-2.1062,2.97178,-3.06585,3.10997,-2.08792,1.17145
0.215488,-0.704198,1.78386,-3.02454,3.63208,-3.48519,2.61772,-1.46262,0.581556,-0.0882552,0.397797,-1.33132,2.62819,-4.23709,5.84292,-6.17448,4.91482,-3.07943,1.47511,-0.447995,-0.658303,1.92139,-3.55727,4.36827,-3.36636,0.803621,1.08431,-1.92125,1.41147,-0.703551,1.97422,-7.39717,16.0213,-25.4967,31.5198,-30.1326,22.964,-13.5832,5.82815,-1.27801,1.60702,-4.57585,9.85859,-15.7562,20.8864,-21.5795,17.3219,-10.2457,4.24359,-0.759297,-6.28866,21.8257,-41.8203,58.2832,-62.3412,51.9502,-34.3029,18.1611,-7.17403,1.86288,-0.526036,0.682603,-0.972918,0.963173,-1.15169,0.845926,-0.411857,-0.217447,0.368255,-0.349025
-0.0872778,0.332366,-0.819865,1.36441,-1.58249,1.4181,-1.01568,0.556291,-0.220428,0.0352854,-0.119423,0.358068,-0.71297,1.17335,-1.70098,1.8462,-1.48111,0.928304,-0.441716,0.133291,0.298976,-0.926943,1.68295,-2.04985,1.59398,-0.502416,-0.319637,0.676939,-0.504846,0.243011,-0.37813,1.61283,-3.88729,6.75485,-8.9054,8.86085,-6.96086,4.17386,-1.79962,0.368404,-0.480834,1.04548,-2.29579,3.78323,-5.46574,5.92614,-4.854,2.72614,-1.00959,0.0602495,2.18428,-7.84612,15.2321,-21.5192,23.2529,-19.6618,13.2085,-7.17403,2.91445,-0.811272,0.238201,-0.4867,0.885702,-1.23323,1.54836,-1.48558,1.12229,-0.58475,0.19976,0.0103012
0.026686,-0.14031,0.312546,-0.488013,0.525346,-0.412444,0.266624,-0.140326,0.0557243,-0.0108052,0.00844851,0.00688228,0.0179462,-0.0728138,0.177609,-0.22224,0.181076,-0.10648,0.043796,-0.00892608,-0.106079,0.349215,-0.570513,0.603972,-0.34513,-0.0305792,0.257164,-0.281559,0.169602,-0.0573379,-0.0564877,0.0815024,0.0870251,-0.512368,0.986513,-1.14931,0.995334,-0.616367,0.267213,-0.0401383,0.149985,-0.225211,0.513232,-0.865104,1.35017,-1.46089,1.18055,-0.561375,0.131475,0.0787996,-0.434434,1.72802,-3.41568,4.92373,-5.38097,4.67354,-3.2317,1.86288,-0.811272,0.27575,-0.0968515,0.339,-0.698871,1.08498,-1.34718,1.35037,-1.07787,0.694923,-0.329894,0.101034
-0.0114093,0.0658074,-0.124236,0.170264,-0.164314,0.122087,-0.0762843,0.0458128,-0.0225689,0.00964171,-0.0108443,0.0254167,-0.0731124,0.138251,-0.202327,0.206311,-0.156778,0.0882853,-0.0350495,0.00487844,0.0387245,-0.13365,0.2101,-0.208989,0.0978221,0.037547,-0.110826,0.104466,-0.0572926,0.0141313,0.0778821,-0.208708,0.318482,-0.318345,0.223564,-0.10524,0.0135252,0.0166326,-0.0142225,-0.000639843,-0.097807,0.277874,-0.650558,1.07419,-1.39542,1.35094,-1.03072,0.555136,-0.198393,0.00472474,0.159297,-0.594075,1.08589,-1.46474,1.52973,-1.30826,0.889968,-0.526036,0.238201,-0.0968515,0.0519272,-0.2159,0.441816,-0.675748,0.809065,-0.796434,0.63056,-0.416336,0.204389,-0.0703252
0.0336337,-0.285755,0.509577,-0.655798,0.550721,-0.268489,0.0832278,-0.0497281,0.0385848,-0.0356249,-0.0256371,0.175965,-0.236413,0.264115,-0.228791,0.227472,-0.203389,0.172303,-0.11832,0.062932,-0.152065,0.589885,-0.887936,0.84753,-0.373581,-0.0792898,0.307102,-0.221408,0.0795394,0.0351693,-0.92499,2.90083,-5.29715,7.02728,-7.38197,6.23169,-4.24751,2.34726,-0.967012,0.254703,0.146013,-0.0965692,0.483198,-1.0363,1.68038,-1.59343,1.12911,-0.278056,-0.145163,0.283788,0.161119,-0.110808,0.255214,-0.290737,0.249209,0.221819,-0.484649,0.682603,-0.4867,0.339,-0.2159,1.12779,-2.40397,3.81051,-4.63346,4.66162,-3.76186,2.56603,-1.29993,0.476763
-0.0637259,0.597819,-1.07258,1.38561,-1.14679,0.496377,-0.0942467,0.0483876,-0.0553348,0.0683933,0.0938877,-0.529976,0.821413,-1.07088,1.13269,-1.12329,0.927238,-0.668974,0.39359,-0.173418,0.321573,-1.27514,1.92629,-1.86816,0.896085,0.0171025,-0.494731,0.329126,-0.0829372,-0.114708,2.22236,-7.03926,12.9508,-17.3369,18.3633,-15.6189,10.7295,-5.9717,2.4759,-0.650902,-0.116523,-0.593715,0.700886,-0.499893,-0.350406,0.334361,-0.0615065,-0.864376,0.980393,-0.793757,-0.721415,1.37571,-2.53675,3.13881,-3.01985,1.41075,-0.0597639,-0.972918,0.885702,-0.698871,0.441816,-2.40397,5.16999,-8.26054,10.0972,-10.2122,8.2746,-5.6692,2.8823,-1.06237
