0.041698,-0.143157,0.274651,-0.387312,0.437322,-0.398075,0.287575,-0.16737,0.0725488,-0.0204695,0.00110639,0.0165727,-0.0369807,0.0620847,-0.0639742,0.0583016,-0.043637,0.0343957,-0.0206295,0.0121948,-0.0111147,0.0228464,-0.0321619,0.0226984,-0.0056431,-0.0147534,0.0224077,-0.0252589,0.0173827,-0.00987078,-0.117321,0.349432,-0.658777,0.929309,-1.09376,1.05936,-0.808692,0.458257,-0.182044,0.0310694,-0.0830624,0.319853,-0.647877,0.977934,-1.16062,1.12433,-0.859919,0.519398,-0.227423,0.0621238,0.00933294,-0.02084,0.0208901,0.00499011,-0.056607,0.119594,-0.162296,0.153817,-0.095582,0.0352981,0.074714,-0.225456,0.432945,-0.617111,0.722046,-0.680402,0.511369,-0.279223,0.10446,-0.0103528
-0.143157,0.517323,-1.01278,1.45165,-1.6717,1.55992,-1.15637,0.684802,-0.299874,0.0827605,0.000108945,-0.0659186,0.140759,-0.230061,0.236534,-0.211995,0.155186,-0.120924,0.0725906,-0.0428428,0.0432874,-0.101954,0.162448,-0.163675,0.124738,-0.0567259,0.0104603,0.0244336,-0.0265681,0.0205364,0.612346,-1.90005,3.59283,-5.05263,5.81248,-5.43953,3.99632,-2.20155,0.855979,-0.153927,0.393418,-1.47769,2.97346,-4.45177,5.25445,-5.04147,3.81102,-2.25588,0.964653,-0.249711,-0.104745,0.310309,-0.502801,0.543708,-0.354537,-0.0188342,0.38334,-0.492731,0.340039,-0.122672,-0.25302,0.749913,-1.40604,1.9414,-2.18379,1.95362,-1.37462,0.679054,-0.216493,-0.00206085
0.274651,-1.01278,2.00313,-2.8937,3.36285,-3.16899,2.37099,-1.41391,0.622238,-0.171427,0.000957232,0.127876,-0.274678,0.452504,-0.469401,0.424521,-0.312343,0.245704,-0.148611,0.0876214,-0.0847068,0.209714,-0.347111,0.378002,-0.321696,0.193917,-0.0894581,0.00195418,0.0253684,-0.0294335,-1.33465,4.17271,-7.88553,11.0632,-12.6381,11.7031,-8.4903,4.62224,-1.77632,0.317992,-0.835402,3.11802,-6.25967,9.34819,-11.0109,10.53,-7.92917,4.66826,-1.98429,0.507991,0.246025,-0.749285,1.24364,-1.40362,1.02249,-0.191013,-0.65937,0.954269,-0.678098,0.240781,0.490938,-1.4428,2.67991,-3.65271,4.04201,-3.53163,2.40289,-1.11618,0.313989,0.0349184
-0.387312,1.45165,-2.8937,4.20909,-4.92763,4.685,-3.53497,2.12175,-0.938133,0.258445,0.000110738,-0.188233,0.402522,-0.660461,0.686989,-0.619666,0.452076,-0.354988,0.215283,-0.127671,0.127321,-0.334968,0.575067,-0.671981,0.622383,-0.439277,0.255727,-0.0902213,0.00870723,0.0244123,2.0905,-6.57193,12.4124,-17.3822,19.7522,-18.148,13.036,-7.02613,2.67184,-0.474761,1.28057,-4.74943,9.51816,-14.1883,16.692,-15.9289,11.9637,-7.01465,2.96722,-0.751339,-0.397962,1.23197,-2.07214,2.39126,-1.83241,0.525939,0.847879,-1.35733,0.984855,-0.34358,-0.696368,2.03329,-3.74476,5.04322,-5.49236,4.68656,-3.07713,1.33164,-0.313516,-0.0869732
0.437322,-1.6717,3.36285,-4.92763,5.81678,-5.58199,4.24946,-2.56792,1.14092,-0.313958,-0.00121393,0.224419,-0.48051,0.790091,-0.832584,0.756642,-0.552618,0.432034,-0.261278,0.153577,-0.153343,0.427718,-0.760658,0.943666,-0.931817,0.72472,-0.470032,0.224622,-0.0720909,-0.0043112,-2.65272,8.38312,-15.8319,22.1454,-25.0604,22.8733,-16.2943,8.71227,-3.28636,0.582878,-1.59458,5.8759,-11.7529,17.4832,-20.5387,19.5521,-14.6421,8.54328,-3.59249,0.896833,0.53485,-1.68245,2.8737,-3.4033,2.76274,-1.09298,-0.736166,1.49022,-1.13009,0.391196,0.799868,-2.32213,4.23853,-5.63488,6.02702,-5.00176,3.1387,-1.22516,0.198925,0.146401
-0.398075,1.55992,-3.16899,4.685,-5.58199,5.42056,-4.17393,2.54361,-1.13669,0.312402,0.0061403,-0.224813,0.476417,-0.776253,0.824317,-0.745667,0.537018,-0.413229,0.248257,-0.145596,0.157185,-0.469141,0.862516,-1.12909,1.17212,-0.975432,0.673576,-0.369092,0.148698,-0.0275242,2.79428,-8.88133,16.7745,-23.4412,26.4155,-23.9494,16.9118,-8.96522,3.35241,-0.5948,1.63165,-5.96829,11.9173,-17.6942,20.7668,-19.73,14.7386,-8.55729,3.57564,-0.877142,-0.588724,1.87056,-3.23016,3.89554,-3.28692,1.52852,0.458043,-1.33583,1.06196,-0.36146,-0.732123,2.10441,-3.78472,4.92233,-5.10106,4.02008,-2.30096,0.689264,0.0432644,-0.197003
0.287575,-1.15637,2.37099,-3.53497,4.24946,-4.17393,3.25037,-1.99738,0.897739,-0.246355,-0.0102305,0.1834,-0.38451,0.620232,-0.666861,0.602518,-0.429345,0.322619,-0.190946,0.110395,-0.129037,0.408087,-0.770813,1.05055,-1.12994,0.982378,-0.703741,0.412277,-0.180852,0.0475107,-2.31789,7.40012,-13.9816,19.5313,-21.9508,19.8123,-13.9072,7.33112,-2.7263,0.485206,-1.3253,4.81157,-9.59315,14.2193,-16.678,15.8202,-11.7941,6.81379,-2.82776,0.67883,0.514296,-1.64772,2.87694,-3.53445,3.09981,-1.64843,-0.0573754,0.879059,-0.761158,0.257715,0.536266,-1.53411,2.72375,-3.47301,3.48783,-2.60177,1.32692,-0.231376,-0.175041,0.183558
-0.16737,0.684802,-1.41391,2.12175,-2.56792,2.54361,-1.99738,1.23619,-0.558767,0.153963,0.00772632,-0.117703,0.248169,-0.400916,0.439291,-0.400865,0.286504,-0.211562,0.123252,-0.0695404,0.0818165,-0.27028,0.520286,-0.727675,0.799815,-0.712152,0.519664,-0.313541,0.14217,-0.041379,1.47155,-4.7008,8.87654,-12.3864,13.8907,-12.4933,8.72731,-4.57332,1.68847,-0.296673,0.8277,-2.98833,5.94989,-8.80708,10.3228,-9.77822,7.27826,-4.19046,1.73083,-0.409381,-0.328947,1.05948,-1.86095,2.30705,-2.05932,1.15525,-0.070362,-0.474203,0.436877,-0.147501,-0.317595,0.909026,-1.60593,2.03194,-2.01348,1.46631,-0.704997,0.0725874,0.138792,-0.11884
0.0725488,-0.299874,0.622238,-0.938133,1.14092,-1.13669,0.897739,-0.558767,0.253832,-0.070422,-0.00353818,0.054844,-0.117167,0.190599,-0.212692,0.196636,-0.141766,0.103672,-0.0596768,0.0328717,-0.0373354,0.127415,-0.248604,0.353734,-0.394321,0.356101,-0.262554,0.16077,-0.0740315,0.0224922,-0.669643,2.13607,-4.02932,5.61422,-6.28411,5.63498,-3.91976,2.04152,-0.747529,0.128444,-0.371819,1.33687,-2.65835,3.93021,-4.60288,4.35423,-3.23649,1.85893,-0.76532,0.179349,0.147021,-0.475319,0.837496,-1.04227,0.936618,-0.535337,0.0497987,0.197576,-0.18745,0.0630911,0.139826,-0.401414,0.709447,-0.898379,0.890761,-0.650208,0.313698,-0.0327844,-0.0615365,0.0528128
-0.0204695,0.0827605,-0.171427,0.258445,-0.313958,0.312402,-0.246355,0.153963,-0.070422,0.0201289,3.21393e-05,-0.015328,0.0348556,-0.0587431,0.0674058,-0.0642118,0.0475945,-0.0350891,0.0201166,-0.0108013,0.00980969,-0.0343807,0.0674677,-0.096457,0.107781,-0.0969695,0.0710933,-0.0430255,0.0195446,-0.00576512,0.171811,-0.54038,1.01332,-1.40215,1.56124,-1.38985,0.956209,-0.487504,0.17262,-0.0259667,0.0919232,-0.330727,0.656073,-0.968363,1.13082,-1.06655,0.790894,-0.455224,0.18824,-0.0453273,-0.028572,0.0917273,-0.158015,0.187607,-0.151466,0.0577188,0.043216,-0.0817723,0.0608434,-0.0196277,-0.0384091,0.110002,-0.197285,0.255784,-0.264527,0.208164,-0.118388,0.0331,0.00475923,-0.0117561
0.00110639,0.000108945,0.000957232,0.000110738,-0.00121393,0.0061403,-0.0102305,0.00772632,-0.00353818,3.21393e-05,0.00994257,-0.0191176,0.0291781,-0.0290313,0.0239663,-0.0110282,0.000337216,0.00699454,-0.00662508,0.00434486,0.00905112,-0.0312972,0.061455,-0.0913243,0.108779,-0.106837,0.0831323,-0.0550995,0.0274489,-0.0103243,0.0205561,-0.0824794,0.161785,-0.238086,0.275667,-0.260189,0.193277,-0.11122,0.0463429,-0.0113441,0.0296429,-0.0856977,0.161241,-0.22147,0.248754,-0.218303,0.147414,-0.0644328,0.0149533,0.00549816,-0.019782,0.0701143,-0.136777,0.200356,-0.233187,0.220826,-0.165919,0.102698,-0.0473366,0.0155211,0.00871953,-0.0164014,0.0288124,-0.036672,0.0444538,-0.0399441,0.0281914,-0.00766743,-0.00246988,0.00648688
0.0165727,-0.0659186,0.127876,-0.188233,0.224419,-0.224813,0.1834,-0.117703,0.054844,-0.015328,-0.0191176,0.0771116,-0.154626,0.226367,-0.258826,0.235899,-0.170583,0.103798,-0.0479729,0.017188,-0.0340789,0.11838,-0.232221,0.337307,-0.392145,0.366875,-0.274723,0.16778,-0.0763537,0.0230856,-0.16669,0.530239,-1.00174,1.41271,-1.63245,1.52543,-1.11441,0.604526,-0.229479,0.0369984,-0.110812,0.35643,-0.663236,0.904313,-0.968922,0.817668,-0.529669,0.244656,-0.0712923,0.00219418,0.0366609,-0.121611,0.220505,-0.2883,0.284308,-0.202339,0.08245,-0.000782207,-0.022264,0.0109169,0.0134427,-0.0401487,0.069567,-0.0857004,0.0803631,-0.0545725,0.0217781,0.00325009,-0.00957949,0.00580789
-0.0369807,0.140759,-0.274678,0.402522,-0.48051,0.476417,-0.38451,0.248169,-0.117167,0.0348556,0.0291781,-0.154626,0.328813,-0.508881,0.604192,-0.575083,0.432876,-0.277112,0.134131,-0.0509149,0.0637757,-0.225555,0.445608,-0.648916,0.755015,-0.702126,0.522877,-0.313887,0.139684,-0.039411,0.330926,-1.01417,1.89974,-2.65667,3.07725,-2.88028,2.10635,-1.13028,0.41958,-0.0568455,0.197031,-0.638462,1.17173,-1.57169,1.63497,-1.32869,0.818272,-0.353716,0.0902473,0.0015277,-0.0481167,0.155158,-0.27148,0.331146,-0.287844,0.144371,0.0263665,-0.118897,0.102518,-0.0436347,-0.0430856,0.119986,-0.217428,0.287983,-0.313706,0.269289,-0.176624,0.0645981,-0.00418603,-0.015561
0.0620847,-0.230061,0.452504,-0.660461,0.790091,-0.776253,0.620232,-0.400916,0.190599,-0.0587431,-0.0290313,0.226367,-0.508881,0.827464,-1.01347,0.996955,-0.771951,0.510662,-0.254074,0.0995132,-0.0877588,0.315702,-0.628818,0.918126,-1.06877,0.987602,-0.731672,0.43121,-0.187083,0.0481413,-0.525038,1.56396,-2.91677,4.05975,-4.71823,4.42879,-3.25025,1.74048,-0.641309,0.078399,-0.278861,0.923648,-1.6879,2.25451,-2.3106,1.84711,-1.11314,0.475109,-0.119834,0.00290951,0.058062,-0.17724,0.294615,-0.321482,0.216674,0.00105356,-0.217352,0.308999,-0.225839,0.0959109,0.0976731,-0.267221,0.492298,-0.667699,0.756163,-0.679654,0.474421,-0.197236,0.0331215,0.0331581
-0.0639742,0.236534,-0.469401,0.686989,-0.832584,0.824317,-0.666861,0.439291,-0.212692,0.0674058,0.0239663,-0.258826,0.604192,-1.01347,1.27171,-1.27791,1.00588,-0.673985,0.338099,-0.132395,0.0940156,-0.350283,0.709063,-1.04951,1.23303,-1.14535,0.852217,-0.502347,0.217406,-0.0546745,0.607174,-1.77574,3.30545,-4.59313,5.36313,-5.05377,3.72744,-1.99995,0.736604,-0.0846948,0.298316,-0.987939,1.78606,-2.35391,2.35647,-1.82138,1.04246,-0.402144,0.0744733,0.0129704,-0.0711462,0.216836,-0.369014,0.419864,-0.322049,0.086787,0.163466,-0.304229,0.2414,-0.113485,-0.126816,0.353016,-0.660653,0.915889,-1.06313,0.987257,-0.715151,0.31952,-0.0704487,-0.0394963
0.0583016,-0.211995,0.424521,-0.619666,0.756642,-0.745667,0.602518,-0.400865,0.196636,-0.0642118,-0.0110282,0.235899,-0.575083,0.996955,-1.27791,1.31058,-1.04872,0.713816,-0.362231,0.14299,-0.0780694,0.300661,-0.61933,0.928575,-1.10185,1.02753,-0.767048,0.449283,-0.192071,0.0451851,-0.545383,1.55052,-2.87374,3.97922,-4.67977,4.43952,-3.30239,1.77601,-0.652229,0.0657417,-0.251246,0.836684,-1.49122,1.9304,-1.86567,1.36699,-0.714388,0.225252,-0.00780666,-0.0241232,0.0586389,-0.176646,0.301756,-0.340325,0.259873,-0.0672439,-0.139264,0.275769,-0.225785,0.114677,0.14219,-0.403632,0.77115,-1.09845,1.31317,-1.26482,0.95703,-0.468886,0.133791,0.0307373
-0.043637,0.155186,-0.312343,0.452076,-0.552618,0.537018,-0.429345,0.286504,-0.141766,0.0475945,0.000337216,-0.170583,0.432876,-0.771951,1.00588,-1.04872,0.850866,-0.586877,0.300669,-0.119437,0.049855,-0.197686,0.4146,-0.628849,0.754016,-0.705216,0.527765,-0.305507,0.127887,-0.0267608,0.372202,-1.01975,1.87875,-2.59087,3.08333,-2.95991,2.23451,-1.20981,0.44453,-0.0373562,0.162411,-0.545636,0.952306,-1.19832,1.09121,-0.721384,0.301814,-0.03499,-0.048047,0.0276539,-0.0337761,0.0986106,-0.166148,0.176918,-0.120021,0.000878942,0.121531,-0.21427,0.174119,-0.0929928,-0.121488,0.34854,-0.676381,0.982665,-1.20054,1.18571,-0.923594,0.477895,-0.153326,-0.0163806
0.0343957,-0.120924,0.245704,-0.354988,0.432034,-0.413229,0.322619,-0.211562,0.103672,-0.0350891,0.00699454,0.103798,-0.277112,0.510662,-0.673985,0.713816,-0.586877,0.412367,-0.214628,0.0871909,-0.0269186,0.109401,-0.233903,0.358085,-0.433152,0.404165,-0.302042,0.170514,-0.068418,0.01086,-0.24126,0.642154,-1.17435,1.60615,-1.9138,1.83619,-1.38683,0.74463,-0.268771,0.0160147,-0.10099,0.350496,-0.610255,0.767145,-0.687277,0.443238,-0.174753,0.0177138,0.0280745,-0.0112385,0.010877,-0.0271957,0.0363828,-0.00861805,-0.049848,0.125866,-0.181419,0.211048,-0.150768,0.07447,0.0977491,-0.278765,0.542813,-0.791665,0.972659,-0.965362,0.757517,-0.398843,0.13267,0.00951034
-0.0206295,0.0725906,-0.148611,0.215283,-0.261278,0.248257,-0.190946,0.123252,-0.0596768,0.0201166,-0.00662508,-0.0479729,0.134131,-0.254074,0.338099,-0.362231,0.300669,-0.214628,0.113275,-0.0470367,0.0113706,-0.047121,0.10252,-0.158067,0.192443,-0.178734,0.133173,-0.0731102,0.0279149,-0.00271374,0.126669,-0.333903,0.607802,-0.82534,0.976347,-0.927712,0.693383,-0.366369,0.129001,-0.00496165,0.0519197,-0.185942,0.327111,-0.418158,0.382932,-0.258998,0.115888,-0.0300142,-0.00217595,-0.000320729,-0.000633966,-0.0024192,0.0138673,-0.0453072,0.0880411,-0.129736,0.148852,-0.146934,0.0968432,-0.044266,-0.0573117,0.161933,-0.314603,0.457427,-0.560991,0.554927,-0.434552,0.228748,-0.0762281,-0.00534912
0.0121948,-0.0428428,0.0876214,-0.127671,0.153577,-0.145596,0.110395,-0.0695404,0.0328717,-0.0108013,0.00434486,0.017188,-0.0509149,0.0995132,-0.132395,0.14299,-0.119437,0.0871909,-0.0470367,0.0204358,-0.00454815,0.018092,-0.0388835,0.0587109,-0.0702293,0.0632485,-0.0459353,0.0235071,-0.00791056,-0.000428719,-0.0632127,0.170455,-0.31035,0.41948,-0.485704,0.450839,-0.327194,0.167619,-0.056716,0.00142238,-0.0269761,0.100268,-0.183886,0.249029,-0.251287,0.200004,-0.121234,0.060163,-0.0220135,0.00797619,-0.00285985,0.0113717,-0.0272765,0.0534582,-0.0831225,0.106431,-0.110772,0.0963475,-0.058343,0.023578,0.0308103,-0.0862218,0.165673,-0.237324,0.286126,-0.277096,0.212456,-0.109391,0.0352851,0.00333652
-0.0111147,0.0432874,-0.0847068,0.127321,-0.153343,0.157185,-0.129037,0.0818165,-0.0373354,0.00980969,0.00905112,-0.0340789,0.0637757,-0.0877588,0.0940156,-0.0780694,0.049855,-0.0269186,0.0113706,-0.00454815,0.0236966,-0.0810744,0.157823,-0.227689,0.261121,-0.2412,0.178967,-0.108673,0.0493206,-0.0148552,0.150109,-0.496286,0.952802,-1.35892,1.55823,-1.44014,1.03761,-0.56613,0.220081,-0.0438296,0.0892562,-0.299761,0.581336,-0.835424,0.956839,-0.881769,0.636295,-0.348007,0.134266,-0.0259269,-0.0390057,0.127391,-0.229866,0.297987,-0.289109,0.198065,-0.0719368,-0.00784577,0.0259696,-0.0107754,-0.0163705,0.0430526,-0.0658664,0.0628503,-0.0298085,-0.0238296,0.0650473,-0.0709134,0.0450802,-0.0160705
0.0228464,-0.101954,0.209714,-0.334968,0.427718,-0.469141,0.408087,-0.27028,0.127415,-0.0343807,-0.0312972,0.11838,-0.225555,0.315702,-0.350283,0.300661,-0.197686,0.109401,-0.047121,0.018092,-0.0810744,0.292461,-0.581445,0.859568,-1.00227,0.940909,-0.706925,0.438171,-0.203379,0.064672,-0.536065,1.77167,-3.38956,4.8079,-5.46561,4.98634,-3.5324,1.88835,-0.71681,0.137076,-0.306097,1.00751,-1.94132,2.77106,-3.15937,2.88802,-2.06383,1.10634,-0.413913,0.0704419,0.141838,-0.473845,0.869739,-1.15269,1.15651,-0.850552,0.39165,-0.0740423,-0.0377309,0.0192917,0.0403732,-0.105772,0.146371,-0.10397,-0.0299102,0.206228,-0.320339,0.30134,-0.179491,0.0592106
-0.0321619,0.162448,-0.347111,0.575067,-0.760658,0.862516,-0.770813,0.520286,-0.248604,0.0674677,0.061455,-0.232221,0.445608,-0.628818,0.709063,-0.61933,0.4146,-0.233903,0.10252,-0.0388835,0.157823,-0.581445,1.16857,-1.74853,2.05769,-1.9491,1.47516,-0.922899,0.432259,-0.139683,1.06777,-3.53259,6.75682,-9.5758,10.862,-9.87004,6.95851,-3.70111,1.3974,-0.265288,0.608781,-1.98647,3.81788,-5.43497,6.18713,-5.63788,4.01333,-2.13132,0.785219,-0.123959,-0.297377,1.00319,-1.85824,2.49352,-2.55119,1.95106,-0.997013,0.292289,0.00532979,-0.0178968,-0.0712426,0.193885,-0.267898,0.189329,0.0638413,-0.392266,0.607491,-0.571595,0.340753,-0.111431
0.0226984,-0.163675,0.378002,-0.671981,0.943666,-1.12909,1.05055,-0.727675,0.353734,-0.096457,-0.0913243,0.337307,-0.648916,0.918126,-1.04951,0.928575,-0.628849,0.358085,-0.158067,0.0587109,-0.227689,0.859568,-1.74853,2.65199,-3.15287,3.01657,-2.30139,1.45493,-0.688391,0.226639,-1.56476,5.19066,-9.92663,14.055,-15.8963,14.3697,-10.0658,5.31815,-1.99383,0.37578,-0.893784,2.88108,-5.51863,7.8273,-8.89378,8.07075,-5.71544,2.99638,-1.08015,0.15124,0.461881,-1.57543,2.9468,-4.00603,4.17996,-3.31694,1.84755,-0.689143,0.11981,-0.0130153,0.0812193,-0.233667,0.310029,-0.186236,-0.174072,0.613936,-0.891858,0.816572,-0.479902,0.151605
-0.0056431,0.124738,-0.321696,0.622383,-0.931817,1.17212,-1.12994,0.799815,-0.394321,0.107781,0.108779,-0.392145,0.755015,-1.06877,1.23303,-1.10185,0.754016,-0.433152,0.192443,-0.0702293,0.261121,-1.00227,2.05769,-3.15287,3.77931,-3.64455,2.79775,-1.78151,0.84847,-0.28232,1.77664,-5.91031,11.3062,-16.0074,18.0788,-16.2934,11.3721,-5.98684,2.2365,-0.41982,1.03142,-3.28623,6.2717,-8.85907,10.0404,-9.06791,6.38394,-3.30126,1.16228,-0.140461,-0.554791,1.91086,-3.604,4.95367,-5.25248,4.28873,-2.53374,1.0705,-0.273769,0.055238,-0.0757736,0.239999,-0.323561,0.207963,0.162854,-0.611458,0.906368,-0.834713,0.491891,-0.151991
-0.0147534,-0.0567259,0.193917,-0.439277,0.72472,-0.975432,0.982378,-0.712152,0.356101,-0.0969695,-0.106837,0.366875,-0.702126,0.987602,-1.14535,1.02753,-0.705216,0.404165,-0.178734,0.0632485,-0.2412,0.940909,-1.9491,3.01657,-3.64455,3.543,-2.73719,1.75714,-0.843271,0.284382,-1.63941,5.47651,-10.4823,14.8435,-16.7379,15.0373,-10.4573,5.48911,-2.04584,0.385146,-0.970899,3.05934,-5.82441,8.20374,-9.28964,8.36511,-5.86634,2.99633,-1.03067,0.10264,0.549462,-1.90681,3.62272,-5.02998,5.41373,-4.53619,2.81715,-1.30499,0.405196,-0.0971247,0.0496734,-0.187874,0.254066,-0.16498,-0.14654,0.510536,-0.755285,0.688857,-0.402848,0.117592
0.0224077,0.0104603,-0.0894581,0.255727,-0.470032,0.673576,-0.703741,0.519664,-0.262554,0.0710933,0.0831323,-0.274723,0.522877,-0.731672,0.852217,-0.767048,0.527765,-0.302042,0.133173,-0.0459353,0.178967,-0.706925,1.47516,-2.30139,2.79775,-2.73719,2.1255,-1.37323,0.662934,-0.225774,1.23134,-4.12692,7.90423,-11.1966,12.6123,-11.3054,7.84326,-4.11145,1.53183,-0.290363,0.739561,-2.31441,4.40142,-6.19106,7.01161,-6.30617,4.41475,-2.23769,0.757922,-0.0639495,-0.43742,1.52342,-2.90684,4.06086,-4.41153,3.75555,-2.40189,1.16781,-0.393873,0.0997501,-0.0254968,0.121316,-0.164288,0.107072,0.109485,-0.353779,0.520793,-0.469645,0.272245,-0.0746977
-0.0252589,0.0244336,0.00195418,-0.0902213,0.224622,-0.369092,0.412277,-0.313541,0.16077,-0.0430255,-0.0550995,0.16778,-0.313887,0.43121,-0.502347,0.449283,-0.305507,0.170514,-0.0731102,0.0235071,-0.108673,0.438171,-0.922899,1.45493,-1.78151,1.75714,-1.37323,0.895961,-0.436728,0.151625,-0.774486,2.60987,-4.99979,7.07864,-7.94792,7.08792,-4.88684,2.54837,-0.945321,0.180709,-0.470395,1.45939,-2.77574,3.90418,-4.43289,3.99072,-2.79536,1.40699,-0.468804,0.0303938,0.295079,-1.03141,1.97687,-2.78029,3.05091,-2.64156,1.74199,-0.891457,0.325688,-0.0885033,0.000125891,-0.0416174,0.0434976,0.00578045,-0.146177,0.280856,-0.359463,0.298804,-0.164169,0.0381571
0.0173827,-0.0265681,0.0253684,0.00870723,-0.0720909,0.148698,-0.180852,0.14217,-0.0740315,0.0195446,0.0274489,-0.0763537,0.139684,-0.187083,0.217406,-0.192071,0.127887,-0.068418,0.0279149,-0.00791056,0.0493206,-0.203379,0.432259,-0.688391,0.84847,-0.843271,0.662934,-0.436728,0.214923,-0.0760871,0.366437,-1.24188,2.37903,-3.36521,3.76398,-3.33716,2.28398,-1.18318,0.436244,-0.0840631,0.224443,-0.690596,1.31442,-1.84986,2.10735,-1.90067,1.33347,-0.667455,0.219227,-0.0100786,-0.148597,0.520991,-1.00223,1.41736,-1.56802,1.37595,-0.928902,0.493782,-0.190412,0.054312,0.00827512,0.000671657,0.0133615,-0.0465472,0.118292,-0.174403,0.197417,-0.150824,0.0778098,-0.0145062
-0.00987078,0.0205364,-0.0294335,0.0244123,-0.0043112,-0.0275242,0.0475107,-0.041379,0.0224922,-0.00576512,-0.0103243,0.0230856,-0.039411,0.0481413,-0.0546745,0.0451851,-0.0267608,0.01086,-0.00271374,-0.000428719,-0.0148552,0.064672,-0.139683,0.226639,-0.28232,0.284382,-0.225774,0.151625,-0.0760871,0.0281147,-0.118421,0.406744,-0.777943,1.09622,-1.21243,1.05758,-0.707867,0.358098,-0.12866,0.0248545,-0.0732777,0.220319,-0.419728,0.591072,-0.67854,0.614285,-0.43219,0.212945,-0.0671593,-0.000500742,0.053183,-0.188011,0.364382,-0.520995,0.585101,-0.525686,0.369036,-0.208943,0.0874617,-0.0270522,-0.0101612,0.0180014,-0.0380275,0.0609191,-0.09214,0.10577,-0.0999446,0.0656446,-0.0295461,0.0028029
-0.117321,0.612346,-1.33465,2.0905,-2.65272,2.79428,-2.31789,1.47155,-0.669643,0.171811,0.0205561,-0.16669,0.330926,-0.525038,0.607174,-0.545383,0.372202,-0.24126,0.126669,-0.0632127,0.150109,-0.536065,1.06777,-1.56476,1.77664,-1.63941,1.23134,-0.774486,0.366437,-0.118421,2.8068,-9.2136,17.6047,-24.8546,28.0194,-25.2818,17.7478,-9.48867,3.62864,-0.74522,1.3808,-4.94842,9.83096,-14.4916,16.9397,-15.992,11.838,-6.7282,2.73178,-0.613658,-0.831028,2.63961,-4.67775,5.91485,-5.54466,3.57167,-1.07129,-0.382252,0.60814,-0.217872,-0.228297,0.469173,-0.463546,-0.143264,1.25329,-2.49247,3.05655,-2.60573,1.47353,-0.476838
0.349432,-1.90005,4.17271,-6.57193,8.38312,-8.88133,7.40012,-4.7008,2.13607,-0.54038,-0.0824794,0.530239,-1.01417,1.56396,-1.77574,1.55052,-1.01975,0.642154,-0.333903,0.170455,-0.496286,1.77167,-3.53259,5.19066,-5.91031,5.47651,-4.12692,2.60987,-1.24188,0.406744,-9.2136,30.3657,-58.0796,82.0788,-92.5334,83.4886,-58.6149,31.3854,-12.0362,2.50366,-4.5775,16.3691,-32.5231,47.9394,-56.0668,52.9449,-39.1945,22.252,-9.01911,2.00946,2.82076,-8.98971,15.9782,-20.3051,19.1968,-12.6212,4.14939,0.886352,-1.83266,0.659709,0.685178,-1.35073,1.133,1.07292,-4.9032,9.0235,-10.7548,8.99783,-5.02561,1.59197
-0.658777,3.59283,-7.88553,12.4124,-15.8319,16.7745,-13.9816,8.87654,-4.02932,1.01332,0.161785,-1.00174,1.89974,-2.91677,3.30545,-2.87374,1.87875,-1.17435,0.607802,-0.31035,0.952802,-3.38956,6.75682,-9.92663,11.3062,-10.4823,7.90423,-4.99979,2.37903,-0.777943,17.6047,-58.0796,111.161,-157.219,177.385,-160.214,112.645,-60.4485,23.2489,-4.86667,8.77856,-31.3919,62.3922,-91.9965,107.645,-101.711,75.3395,-42.7842,17.3428,-3.85652,-5.47713,17.4607,-31.0688,39.5622,-37.5503,24.9186,-8.51525,-1.36752,3.37242,-1.235,-1.31658,2.61727,-2.23306,-1.95748,9.2814,-17.1811,20.5266,-17.1871,9.60196,-3.03894
0.929309,-5.05263,11.0632,-17.3822,22.1454,-23.4412,19.5313,-12.3864,5.61422,-1.40215,-0.238086,1.41271,-2.65667,4.05975,-4.59313,3.97922,-2.59087,1.60615,-0.82534,0.41948,-1.35892,4.8079,-9.5758,14.055,-16.0074,14.8435,-11.1966,7.07864,-3.36521,1.09622,-24.8546,82.0788,-157.219,222.582,-251.417,227.426,-160.236,86.24,-33.2911,7.01766,-12.4638,44.5726,-88.6224,130.719,-153.036,144.693,-107.252,60.9254,-24.6986,5.47899,7.87993,-25.127,44.7675,-57.1414,54.4885,-36.552,13.0315,1.3733,-4.54444,1.70618,1.90055,-3.85476,3.46794,2.30099,-12.5728,23.7618,-28.6194,24.0594,-13.4705,4.26937
-1.09376,5.81248,-12.6381,19.7522,-25.0604,26.4155,-21.9508,13.8907,-6.28411,1.56124,0.275667,-1.63245,3.07725,-4.71823,5.36313,-4.67977,3.08333,-1.9138,0.976347,-0.485704,1.55823,-5.46561,10.862,-15.8963,18.0788,-16.7379,12.6123,-7.94792,3.76398,-1.21243,28.0194,-92.5334,177.385,-251.417,284.488,-257.971,182.352,-98.5312,38.2093,-8.09945,14.1507,-50.6411,100.73,-148.64,174.092,-164.717,122.193,-69.4513,28.1659,-6.23799,-9.04022,28.8151,-51.3937,65.7402,-62.9707,42.678,-15.7999,-0.958828,4.91693,-1.91651,-2.30211,4.88951,-5.00066,-0.955389,12.1802,-24.8073,30.6985,-26.1969,14.7985,-4.74204
1.05936,-5.43953,11.7031,-18.148,22.8733,-23.9494,19.8123,-12.4933,5.63498,-1.38985,-0.260189,1.52543,-2.88028,4.42879,-5.05377,4.43952,-2.95991,1.83619,-0.927712,0.450839,-1.44014,4.98634,-9.87004,14.3697,-16.2934,15.0373,-11.3054,7.08792,-3.33716,1.05758,-25.2818,83.4886,-160.214,227.426,-257.971,234.736,-166.687,90.5537,-35.33,7.54212,-12.9115,46.2609,-92.0825,135.978,-159.383,150.974,-112.145,63.8038,-25.8962,5.72466,8.34953,-26.6002,47.51,-60.9459,58.7238,-40.3296,15.6275,0.137074,-4.18237,1.7204,2.30512,-5.18853,6.06631,-1.4643,-8.17235,19.5986,-25.5098,22.3477,-12.8153,4.17983
-0.808692,3.99632,-8.4903,13.036,-16.2943,16.9118,-13.9072,8.72731,-3.91976,0.956209,0.193277,-1.11441,2.10635,-3.25025,3.72744,-3.30239,2.23451,-1.38683,0.693383,-0.327194,1.03761,-3.5324,6.95851,-10.0658,11.3721,-10.4573,7.84326,-4.88684,2.28398,-0.707867,17.7478,-58.6149,112.645,-160.236,182.352,-166.687,119.08,-65.1533,25.6242,-5.52293,9.20734,-33.0406,65.8294,-97.3023,114.163,-108.298,80.5786,-45.8987,18.6454,-4.10979,-6.06194,19.3038,-34.5468,44.492,-43.2135,30.2037,-12.3899,0.662367,2.66626,-1.19114,-1.82947,4.3672,-5.71088,3.20501,3.09865,-11.1479,15.8538,-14.4747,8.48878,-2.83883
0.458257,-2.20155,4.62224,-7.02613,8.71227,-8.96522,7.33112,-4.57332,2.04152,-0.487504,-0.11122,0.604526,-1.13028,1.74048,-1.99995,1.77601,-1.20981,0.74463,-0.366369,0.167619,-0.56613,1.88835,-3.70111,5.31815,-5.98684,5.48911,-4.11145,2.54837,-1.18318,0.358098,-9.48867,31.3854,-60.4485,86.24,-98.5312,90.5537,-65.1533,35.9667,-14.2911,3.12782,-5.01965,18.0445,-36.0006,53.2826,-62.6101,59.5145,-44.3785,25.3132,-10.2923,2.25775,3.41082,-10.861,19.4918,-25.2384,24.7707,-17.7066,7.77439,-0.975901,-1.1949,0.608437,1.08685,-2.71645,3.81237,-2.84066,-0.315287,4.65898,-7.47622,7.15725,-4.29758,1.47052
-0.182044,0.855979,-1.77632,2.67184,-3.28636,3.35241,-2.7263,1.68847,-0.747529,0.17262,0.0463429,-0.229479,0.41958,-0.641309,0.736604,-0.652229,0.44453,-0.268771,0.129001,-0.056716,0.220081,-0.71681,1.3974,-1.99383,2.2365,-2.04584,1.53183,-0.945321,0.436244,-0.12866,3.62864,-12.0362,23.2489,-33.2911,38.2093,-35.33,25.6242,-14.2911,5.74598,-1.28205,1.96401,-7.07325,14.1359,-20.956,24.6727,-23.5115,17.578,-10.0416,4.08662,-0.890765,-1.3916,4.43252,-7.9814,10.399,-10.3269,7.56437,-3.55476,0.689652,0.337232,-0.214744,-0.456205,1.18439,-1.74572,1.51003,-0.375089,-1.31011,2.50539,-2.53474,1.56053,-0.545301
0.0310694,-0.153927,0.317992,-0.474761,0.582878,-0.5948,0.485206,-0.296673,0.128444,-0.0259667,-0.0113441,0.0369984,-0.0568455,0.078399,-0.0846948,0.0657417,-0.0373562,0.0160147,-0.00496165,0.00142238,-0.0438296,0.137076,-0.265288,0.37578,-0.41982,0.385146,-0.290363,0.180709,-0.0840631,0.0248545,-0.74522,2.50366,-4.86667,7.01766,-8.09945,7.54212,-5.52293,3.12782,-1.28205,0.299301,-0.41566,1.50034,-3.01022,4.47842,-5.29787,5.07535,-3.8137,2.18389,-0.889913,0.191357,0.326662,-1.04227,1.88656,-2.48173,2.5068,-1.90038,0.975671,-0.276309,-0.0156266,0.0316642,0.0885742,-0.230788,0.328421,-0.255001,-0.010322,0.37771,-0.620229,0.591413,-0.352625,0.117038
-0.0830624,0.393418,-0.835402,1.28057,-1.59458,1.63165,-1.3253,0.8277,-0.371819,0.0919232,0.0296429,-0.110812,0.197031,-0.278861,0.298316,-0.251246,0.162411,-0.10099,0.0519197,-0.0269761,0.0892562,-0.306097,0.608781,-0.893784,1.03142,-0.970899,0.739561,-0.470395,0.224443,-0.0732777,1.3808,-4.5775,8.77856,-12.4638,14.1507,-12.9115,9.20734,-5.01965,1.96401,-0.41566,0.826323,-2.91898,5.80054,-8.55459,10.036,-9.50052,7.05286,-3.98801,1.60224,-0.336629,-0.509049,1.67335,-3.05368,4.04412,-4.08589,3.08752,-1.54951,0.422516,0.0363132,-0.0392108,-0.208814,0.604437,-1.00079,1.12846,-0.867207,0.285116,0.283413,-0.526283,0.38949,-0.153168
0.319853,-1.47769,3.11802,-4.74943,5.8759,-5.96829,4.81157,-2.98833,1.33687,-0.330727,-0.0856977,0.35643,-0.638462,0.923648,-0.987939,0.836684,-0.545636,0.350496,-0.185942,0.100268,-0.299761,1.00751,-1.98647,2.88108,-3.28623,3.05934,-2.31441,1.45939,-0.690596,0.220319,-4.94842,16.3691,-31.3919,44.5726,-50.6411,46.2609,-33.0406,18.0445,-7.07325,1.50034,-2.91898,10.3908,-20.6898,30.578,-35.9161,34.0685,-25.3489,14.4028,-5.82609,1.25446,1.79155,-5.85443,10.6341,-13.9919,14.0002,-10.3862,4.97716,-1.12015,-0.325929,0.203365,0.778908,-2.21855,3.65937,-4.0976,3.12418,-0.970672,-1.10758,1.98826,-1.46351,0.581545
-0.647877,2.97346,-6.25967,9.51816,-11.7529,11.9173,-9.59315,5.94989,-2.65835,0.656073,0.161241,-0.663236,1.17173,-1.6879,1.78606,-1.49122,0.952306,-0.610255,0.327111,-0.183886,0.581336,-1.94132,3.81788,-5.51863,6.2717,-5.82441,4.40142,-2.77574,1.31442,-0.419728,9.83096,-32.5231,62.3922,-88.6224,100.73,-92.0825,65.8294,-36.0006,14.1359,-3.01022,5.80054,-20.6898,41.257,-61.0714,71.8561,-68.2974,50.9272,-29.0059,11.765,-2.54377,-3.58545,11.7049,-21.2617,27.986,-28.0328,20.843,-10.0499,2.32112,0.607611,-0.396133,-1.58972,4.55203,-7.55194,8.54944,-6.68063,2.37419,1.86766,-3.76085,2.83053,-1.13999
0.977934,-4.45177,9.34819,-14.1883,17.4832,-17.6942,14.2193,-8.80708,3.93021,-0.968363,-0.22147,0.904313,-1.57169,2.25451,-2.35391,1.9304,-1.19832,0.767145,-0.418158,0.249029,-0.835424,2.77106,-5.43497,7.8273,-8.85907,8.20374,-6.19106,3.90418,-1.84986,0.591072,-14.4916,47.9394,-91.9965,130.719,-148.64,135.978,-97.3023,53.2826,-20.956,4.47842,-8.55459,30.578,-61.0714,90.5601,-106.755,101.694,-76.011,43.4085,-17.6596,3.83616,5.32056,-17.3544,31.5285,-41.5213,41.6433,-31.0415,15.0683,-3.57499,-0.830952,0.571666,2.42394,-6.98453,11.672,-13.3933,10.7783,-4.39064,-2.07528,5.15342,-4.01222,1.64938
-1.16062,5.25445,-11.0109,16.692,-20.5387,20.7668,-16.678,10.3228,-4.60288,1.13082,0.248754,-0.968922,1.63497,-2.3106,2.35647,-1.86567,1.09121,-0.687277,0.382932,-0.251287,0.956839,-3.15937,6.18713,-8.89378,10.0404,-9.28964,7.01161,-4.43289,2.10735,-0.67854,16.9397,-56.0668,107.645,-153.036,174.092,-159.383,114.163,-62.6101,24.6727,-5.29787,10.036,-35.9161,71.8561,-106.755,126.138,-120.464,90.2847,-51.691,21.0826,-4.58508,-6.30515,20.567,-37.4094,49.3697,-49.7033,37.3257,-18.4667,4.72717,0.718255,-0.600774,-2.93225,8.54038,-14.4042,16.8066,-13.983,6.50149,1.34902,-5.36825,4.40181,-1.85704
1.12433,-5.04147,10.53,-15.9289,19.5521,-19.73,15.8202,-9.77822,4.35423,-1.06655,-0.218303,0.817668,-1.32869,1.84711,-1.82138,1.36699,-0.721384,0.443238,-0.258998,0.200004,-0.881769,2.88802,-5.63788,8.07075,-9.06791,8.36511,-6.30617,3.99072,-1.90067,0.614285,-15.992,52.9449,-101.711,144.693,-164.717,150.974,-108.298,59.5145,-23.5115,5.07535,-9.50052,34.0685,-68.2974,101.694,-120.464,115.38,-86.7401,49.8173,-20.3855,4.44892,6.02822,-19.6522,35.7744,-47.287,47.7535,-36.076,18.1166,-4.89053,-0.487722,0.522868,2.88914,-8.49493,14.4612,-17.1523,14.7342,-7.63411,-0.112523,4.37861,-3.86199,1.68855
-0.859919,3.81102,-7.92917,11.9637,-14.6421,14.7386,-11.7941,7.27826,-3.23649,0.790894,0.147414,-0.529669,0.818272,-1.11314,1.04246,-0.714388,0.301814,-0.174753,0.115888,-0.121234,0.636295,-2.06383,4.01333,-5.71544,6.38394,-5.86634,4.41475,-2.79536,1.33347,-0.43219,11.838,-39.1945,75.3395,-107.252,122.193,-112.145,80.5786,-44.3785,17.578,-3.8137,7.05286,-25.3489,50.9272,-76.011,90.2847,-86.7401,65.4214,-37.6996,15.4815,-3.39241,-4.51617,14.712,-26.8023,35.4828,-35.9429,27.3132,-13.9137,3.9365,0.220923,-0.356401,-2.24448,6.66252,-11.4531,13.8153,-12.2489,6.96919,-0.947637,-2.62633,2.59639,-1.19336
0.519398,-2.25588,4.66826,-7.01465,8.54328,-8.55729,6.81379,-4.19046,1.85893,-0.455224,-0.0644328,0.244656,-0.353716,0.475109,-0.402144,0.225252,-0.03499,0.0177138,-0.0300142,0.060163,-0.348007,1.10634,-2.13132,2.99638,-3.30126,2.99633,-2.23769,1.40699,-0.667455,0.212945,-6.7282,22.252,-42.7842,60.9254,-69.4513,63.8038,-45.8987,25.3132,-10.0416,2.18389,-3.98801,14.4028,-29.0059,43.4085,-51.691,49.8173,-37.6996,21.8276,-9.01536,2.00445,2.54251,-8.25737,15.0165,-19.8333,20.0261,-15.1241,7.58857,-2.02634,-0.229349,0.238094,1.34218,-3.98137,6.88058,-8.37581,7.57062,-4.52748,0.960263,1.26424,-1.39062,0.671075
-0.227423,0.964653,-1.98429,2.96722,-3.59249,3.57564,-2.82776,1.73083,-0.76532,0.18824,0.0149533,-0.0712923,0.0902473,-0.119834,0.0744733,-0.00780666,-0.048047,0.0280745,-0.00217595,-0.0220135,0.134266,-0.413913,0.785219,-1.08015,1.16228,-1.03067,0.757922,-0.468804,0.219227,-0.0671593,2.73178,-9.01911,17.3428,-24.6986,28.1659,-25.8962,18.6454,-10.2923,4.08662,-0.889913,1.60224,-5.82609,11.765,-17.6596,21.0826,-20.3855,15.4815,-9.01536,3.75084,-0.851729,-1.00802,3.25799,-5.90279,7.75486,-7.76744,5.77463,-2.78379,0.627758,0.186898,-0.125935,-0.573884,1.69054,-2.9284,3.57941,-3.27259,2.00922,-0.506593,-0.460893,0.551346,-0.277424
0.0621238,-0.249711,0.507991,-0.751339,0.896833,-0.877142,0.67883,-0.409381,0.179349,-0.0453273,0.00549816,0.00219418,0.0015277,0.00290951,0.0129704,-0.0241232,0.0276539,-0.0112385,-0.000320729,0.00797619,-0.0259269,0.0704419,-0.123959,0.15124,-0.140461,0.10264,-0.0639495,0.0303938,-0.0100786,-0.000500742,-0.613658,2.00946,-3.85652,5.47899,-6.23799,5.72466,-4.10979,2.25775,-0.890765,0.191357,-0.336629,1.25446,-2.54377,3.83616,-4.58508,4.44892,-3.39241,2.00445,-0.851729,0.209592,0.189386,-0.596506,1.05149,-1.32297,1.23063,-0.776421,0.200194,0.134767,-0.171931,0.0659346,0.135015,-0.371654,0.62756,-0.734768,0.635297,-0.327584,-0.000871488,0.189723,-0.170004,0.0803266
0.00933294,-0.104745,0.246025,-0.397962,0.53485,-0.588724,0.514296,-0.328947,0.147021,-0.028572,-0.019782,0.0366609,-0.0481167,0.058062,-0.0711462,0.0586389,-0.0337761,0.010877,-0.000633966,-0.00285985,-0.0390057,0.141838,-0.297377,0.461881,-0.554791,0.549462,-0.43742,0.295079,-0.148597,0.053183,-0.831028,2.82076,-5.47713,7.87993,-9.04022,8.34953,-6.06194,3.41082,-1.3916,0.326662,-0.509049,1.79155,-3.58545,5.32056,-6.30515,6.02822,-4.51617,2.54251,-1.00802,0.189386,0.437249,-1.44093,2.67275,-3.63751,3.85537,-3.1839,1.94687,-0.863905,0.245295,-0.0449528,0.098532,-0.311411,0.498991,-0.524784,0.303445,0.0708549,-0.394458,0.460554,-0.296907,0.0979969
-0.02084,0.310309,-0.749285,1.23197,-1.68245,1.87056,-1.64772,1.05948,-0.475319,0.0917273,0.0701143,-0.121611,0.155158,-0.17724,0.216836,-0.176646,0.0986106,-0.0271957,-0.0024192,0.0113717,0.127391,-0.473845,1.00319,-1.57543,1.91086,-1.90681,1.52342,-1.03141,0.520991,-0.188011,2.63961,-8.98971,17.4607,-25.127,28.8151,-26.6002,19.3038,-10.861,4.43252,-1.04227,1.67335,-5.85443,11.7049,-17.3544,20.567,-19.6522,14.712,-8.25737,3.25799,-0.596506,-1.44093,4.7829,-8.91311,12.2043,-13.0355,10.8988,-6.80265,3.13054,-0.955374,0.194191,-0.336111,1.10027,-1.82196,2.04607,-1.43629,0.262514,0.860881,-1.22064,0.835496,-0.283032
0.0208901,-0.502801,1.24364,-2.07214,2.8737,-3.23016,2.87694,-1.86095,0.837496,-0.158015,-0.136777,0.220505,-0.27148,0.294615,-0.369014,0.301756,-0.166148,0.0363828,0.0138673,-0.0272765,-0.229866,0.869739,-1.85824,2.9468,-3.604,3.62272,-2.90684,1.97687,-1.00223,0.364382,-4.67775,15.9782,-31.0688,44.7675,-51.3937,47.51,-34.5468,19.4918,-7.9814,1.88656,-3.05368,10.6341,-21.2617,31.5285,-37.4094,35.7744,-26.8023,15.0165,-5.90279,1.05149,2.67275,-8.91311,16.6795,-22.9703,24.733,-20.9462,13.3596,-6.36537,2.064,-0.444617,0.641735,-2.17422,3.7101,-4.40138,3.51972,-1.48286,-0.69231,1.63642,-1.24128,0.437305
0.00499011,0.543708,-1.40362,2.39126,-3.4033,3.89554,-3.53445,2.30705,-1.04227,0.187607,0.200356,-0.2883,0.331146,-0.321482,0.419864,-0.340325,0.176918,-0.00861805,-0.0453072,0.0534582,0.297987,-1.15269,2.49352,-4.00603,4.95367,-5.02998,4.06086,-2.78029,1.41736,-0.520995,5.91485,-20.3051,39.5622,-57.1414,65.7402,-60.9459,44.492,-25.2384,10.399,-2.48173,4.04412,-13.9919,27.986,-41.5213,49.3697,-47.287,35.4828,-19.8333,7.75486,-1.32297,-3.63751,12.2043,-22.9703,31.8871,-34.7195,29.9211,-19.6325,9.76234,-3.38553,0.771128,-0.905693,3.21105,-5.68024,7.15549,-6.4419,3.94885,-0.818839,-0.997347,1.08131,-0.420058
-0.056607,-0.354537,1.02249,-1.83241,2.76274,-3.28692,3.09981,-2.05932,0.936618,-0.151466,-0.233187,0.284308,-0.287844,0.216674,-0.322049,0.259873,-0.120021,-0.049848,0.0880411,-0.0831225,-0.289109,1.15651,-2.55119,4.17996,-5.25248,5.41373,-4.41153,3.05091,-1.56802,0.585101,-5.54466,19.1968,-37.5503,54.4885,-62.9707,58.7238,-43.2135,24.7707,-10.3269,2.5068,-4.08589,14.0002,-28.0328,41.6433,-49.7033,47.7535,-35.9429,20.0261,-7.76744,1.23063,3.85537,-13.0355,24.733,-34.7195,38.3983,-33.8846,23.0669,-12.0682,4.49248,-1.07377,1.00675,-3.78663,6.98961,-9.38822,9.40039,-7.20969,3.64201,-0.890381,-0.179115,0.165626
0.119594,-0.0188342,-0.191013,0.525939,-1.09298,1.52852,-1.64843,1.15525,-0.535337,0.0577188,0.220826,-0.202339,0.144371,0.00105356,0.086787,-0.0672439,0.000878942,0.125866,-0.129736,0.106431,0.198065,-0.850552,1.95106,-3.31694,4.28873,-4.53619,3.75555,-2.64156,1.37595,-0.525686,3.57167,-12.6212,24.9186,-36.552,42.678,-40.3296,30.2037,-17.7066,7.56437,-1.90038,3.08752,-10.3862,20.843,-31.0415,37.3257,-36.076,27.3132,-15.1241,5.77463,-0.776421,-3.1839,10.8988,-20.9462,29.9211,-33.8846,30.9448,-22.1397,12.3265,-4.95195,1.23935,-0.886291,3.62301,-7.0436,10.1439,-11.1936,10.0095,-6.74456,3.3708,-1.16589,0.245896
-0.162296,0.38334,-0.65937,0.847879,-0.736166,0.458043,-0.0573754,-0.070362,0.0497987,0.043216,-0.165919,0.08245,0.0263665,-0.217352,0.163466,-0.139264,0.121531,-0.181419,0.148852,-0.110772,-0.0719368,0.39165,-0.997013,1.84755,-2.53374,2.81715,-2.40189,1.74199,-0.928902,0.369036,-1.07129,4.14939,-8.51525,13.0315,-15.7999,15.6275,-12.3899,7.77439,-3.55476,0.975671,-1.54951,4.97716,-10.0499,15.0683,-18.4667,18.1166,-13.9137,7.58857,-2.78379,0.200194,1.94687,-6.80265,13.3596,-19.6325,23.0669,-22.1397,16.9162,-10.1308,4.39799,-1.1485,0.574999,-2.67253,5.53095,-8.57536,10.3094,-10.2823,8.00605,-4.83295,2.10915,-0.565082
0.153817,-0.492731,0.954269,-1.35733,1.49022,-1.33583,0.879059,-0.474203,0.197576,-0.0817723,0.102698,-0.000782207,-0.118897,0.308999,-0.304229,0.275769,-0.21427,0.211048,-0.146934,0.0963475,-0.00784577,-0.0740423,0.292289,-0.689143,1.0705,-1.30499,1.16781,-0.891457,0.493782,-0.208943,-0.382252,0.886352,-1.36752,1.3733,-0.958828,0.137074,0.662367,-0.975901,0.689652,-0.276309,0.422516,-1.12015,2.32112,-3.57499,4.72717,-4.89053,3.9365,-2.02634,0.627758,0.134767,-0.863905,3.13054,-6.36537,9.76234,-12.0682,12.3265,-10.1308,6.52453,-3.03271,0.827824,-0.241957,1.42006,-3.16267,5.28387,-6.81299,7.33766,-6.19939,4.0822,-1.93337,0.561592
-0.095582,0.340039,-0.678098,0.984855,-1.13009,1.06196,-0.761158,0.436877,-0.18745,0.0608434,-0.0473366,-0.022264,0.102518,-0.225839,0.2414,-0.225785,0.174119,-0.150768,0.0968432,-0.058343,0.0259696,-0.0377309,0.00532979,0.11981,-0.273769,0.405196,-0.393873,0.325688,-0.190412,0.0874617,0.60814,-1.83266,3.37242,-4.54444,4.91693,-4.18237,2.66626,-1.1949,0.337232,-0.0156266,0.0363132,-0.325929,0.607611,-0.830952,0.718255,-0.487722,0.220923,-0.229349,0.186898,-0.171931,0.245295,-0.955374,2.064,-3.38553,4.49248,-4.95195,4.39799,-3.03271,1.49248,-0.423624,0.0486564,-0.499636,1.2295,-2.23783,3.08274,-3.5403,3.17123,-2.20899,1.09683,-0.335068
0.0352981,-0.122672,0.240781,-0.34358,0.391196,-0.36146,0.257715,-0.147501,0.0630911,-0.0196277,0.0155211,0.0109169,-0.0436347,0.0959109,-0.113485,0.114677,-0.0929928,0.07447,-0.044266,0.023578,-0.0107754,0.0192917,-0.0178968,-0.0130153,0.055238,-0.0971247,0.0997501,-0.0885033,0.054312,-0.0270522,-0.217872,0.659709,-1.235,1.70618,-1.91651,1.7204,-1.19114,0.608437,-0.214744,0.0316642,-0.0392108,0.203365,-0.396133,0.571666,-0.600774,0.522868,-0.356401,0.238094,-0.125935,0.0659346,-0.0449528,0.194191,-0.444617,0.771128,-1.07377,1.23935,-1.1485,0.827824,-0.423624,0.128001,0.0144695,0.0546292,-0.181897,0.397652,-0.599734,0.748722,-0.713119,0.531269,-0.279254,0.0948013
0.074714,-0.25302,0.490938,-0.696368,0.799868,-0.732123,0.536266,-0.317595,0.139826,-0.0384091,0.00871953,0.0134427,-0.0430856,0.0976731,-0.126816,0.14219,-0.121488,0.0977491,-0.0573117,0.0308103,-0.0163705,0.0403732,-0.0712426,0.0812193,-0.0757736,0.0496734,-0.0254968,0.000125891,0.00827512,-0.0101612,-0.228297,0.685178,-1.31658,1.90055,-2.30211,2.30512,-1.82947,1.08685,-0.456205,0.0885742,-0.208814,0.778908,-1.58972,2.42394,-2.93225,2.88914,-2.24448,1.34218,-0.573884,0.135015,0.098532,-0.336111,0.641735,-0.905693,1.00675,-0.886291,0.574999,-0.241957,0.0486564,0.0144695,0.224874,-0.736768,1.45061,-2.13106,2.54217,-2.463,1.88903,-1.06346,0.416018,-0.0591448
-0.225456,0.749913,-1.4428,2.03329,-2.32213,2.10441,-1.53411,0.909026,-0.401414,0.110002,-0.0164014,-0.0401487,0.119986,-0.267221,0.353016,-0.403632,0.34854,-0.278765,0.161933,-0.0862218,0.0430526,-0.105772,0.193885,-0.233667,0.239999,-0.187874,0.121316,-0.0416174,0.000671657,0.0180014,0.469173,-1.35073,2.61727,-3.85476,4.88951,-5.18853,4.3672,-2.71645,1.18439,-0.230788,0.604437,-2.21855,4.55203,-6.98453,8.54038,-8.49493,6.66252,-3.98137,1.69054,-0.371654,-0.311411,1.10027,-2.17422,3.21105,-3.78663,3.62301,-2.67253,1.42006,-0.499636,0.0546292,-0.736768,2.50684,-5.02119,7.52826,-9.14777,9.07643,-7.14664,4.18351,-1.72216,0.304878
