0.185259,-0.505043,0.777706,-0.921583,0.936564,-0.84899,0.671712,-0.442443,0.215535,-0.0595308,-0.224653,0.705054,-1.23567,1.53912,-1.45054,1.05455,-0.588369,0.240991,-0.0629092,0.00623678,0.109441,-0.328281,0.534358,-0.611983,0.535643,-0.363487,0.179019,-0.0446778,-0.0115425,0.0122667,0.270266,-0.674933,0.784671,-0.269532,-0.743499,1.64851,-1.92992,1.5436,-0.826529,0.235584,-2.72276,7.29403,-10.0765,7.99612,-1.1816,-6.199,9.93296,-8.99047,5.14774,-1.53162,-0.050513,0.0922793,0.00831924,-0.306368,0.701843,-0.961096,0.921337,-0.646952,0.319053,-0.0864828
-0.505043,1.44083,-2.32998,2.89536,-3.05276,2.82562,-2.24812,1.47193,-0.707779,0.193422,0.579247,-1.81578,3.17516,-3.93171,3.65073,-2.56795,1.34749,-0.493392,0.0992818,0.000361246,-0.292524,0.860977,-1.37885,1.54955,-1.31989,0.853824,-0.37282,0.0363429,0.0801981,-0.049916,-0.538472,1.25694,-1.18553,-0.391406,3.09463,-5.35851,5.8694,-4.56882,2.41637,-0.685789,4.8273,-11.8305,13.3404,-3.61387,-15.8578,33.9699,-40.1134,32.6382,-17.7517,5.1303,0.0770962,-0.0673375,-0.329936,1.19446,-2.23513,2.85033,-2.64814,1.83509,-0.898957,0.242369
0.777706,-2.32998,3.96741,-5.15963,5.6179,-5.27857,4.20067,-2.71605,1.27858,-0.341032,-0.829002,2.59486,-4.52626,5.56661,-5.08044,3.42539,-1.63657,0.478476,-0.0268435,-0.0314781,0.405334,-1.17486,1.85311,-2.04572,1.69127,-1.02622,0.361119,0.0839558,-0.19622,0.0996126,0.552903,-1.1853,0.752557,1.59875,-5.3905,8.50688,-9.07319,7.01178,-3.71061,1.05834,-2.93952,4.80769,1.69299,-20.8971,49.708,-73.0314,76.4925,-59.1341,31.3682,-8.94045,-0.0369565,-0.134182,0.87974,-2.24784,3.81195,-4.7037,4.32334,-2.99458,1.46916,-0.397089
-0.921583,2.89536,-5.15963,6.96924,-7.78928,7.41588,-5.91453,3.79584,-1.76068,0.461211,0.909191,-2.8405,4.93539,-6.00207,5.32948,-3.35453,1.33795,-0.173971,-0.146919,0.0818391,-0.420069,1.19423,-1.84831,1.99655,-1.58853,0.875466,-0.179764,-0.264668,0.32102,-0.146711,-0.345975,0.608871,0.136011,-2.64397,6.57063,-9.83744,10.3625,-8.01115,4.26219,-1.2258,-1.99875,10.3302,-27.7382,53.9205,-85.066,106.655,-104.135,77.9315,-40.6957,11.5021,-0.0622798,0.46178,-1.51075,3.18743,-5.03282,6.07882,-5.56473,3.86572,-1.9021,0.516106
0.936564,-3.05276,5.6179,-7.78928,8.86848,-8.53564,6.83584,-4.37938,2.01729,-0.523287,-0.86661,2.70199,-4.6704,5.59419,-4.78707,2.73147,-0.763168,-0.219241,0.331276,-0.128769,0.378195,-1.05325,1.5989,-1.69105,1.29479,-0.635085,-0.00309414,0.397305,-0.398362,0.173655,0.0984158,-0.012185,-0.8025,2.91613,-6.24537,9.13984,-9.62493,7.49104,-4.02096,1.16865,6.44981,-23.015,47.2346,-74.4171,101.443,-117.479,110.224,-81.0333,42.002,-11.8332,0.171089,-0.768664,1.98762,-3.73372,5.59404,-6.64894,6.07011,-4.22492,2.08178,-0.566268
-0.84899,2.82562,-5.27857,7.41588,-8.53564,8.29082,-6.68585,4.30764,-1.99234,0.519089,0.761855,-2.37184,4.0777,-4.80639,3.95101,-2.00843,0.259841,0.490289,-0.434628,0.150144,-0.341882,0.93578,-1.40204,1.46313,-1.09852,0.505766,0.0709322,-0.424985,0.406194,-0.175228,0.0863871,-0.421379,1.24217,-2.9296,5.53761,-7.84882,8.1959,-6.37197,3.4258,-0.999889,-8.00018,26.8174,-51.4623,75.4983,-96.7449,107.776,-99.0352,72.0769,-37.1912,10.4566,-0.253743,0.974285,-2.23648,3.87373,-5.5203,6.39683,-5.77005,3.99149,-1.95778,0.530851
0.671712,-2.24812,4.20067,-5.91453,6.83584,-6.68585,5.43749,-3.54348,1.66146,-0.440482,-0.606274,1.8889,-3.2403,3.78686,-3.04011,1.43763,-0.0475316,-0.498756,0.395348,-0.131579,0.30307,-0.821856,1.22542,-1.27141,0.953278,-0.444998,-0.0494204,0.35433,-0.341574,0.148148,-0.157346,0.59081,-1.40487,2.82841,-4.85994,6.55968,-6.67093,5.09632,-2.70668,0.784112,6.46823,-21.6291,41.3663,-60.3748,76.822,-84.9229,77.4796,-55.9815,28.7204,-8.04263,0.259732,-0.947524,2.07535,-3.44819,4.73453,-5.32861,4.71143,-3.213,1.55909,-0.418834
-0.442443,1.47193,-2.71605,3.79584,-4.37938,4.30764,-3.54348,2.35433,-1.13313,0.310775,0.41359,-1.2933,2.22346,-2.60356,2.0907,-0.995617,0.055235,0.316762,-0.255062,0.0853662,-0.24774,0.669333,-0.997631,1.03056,-0.774382,0.376607,0.00291303,-0.236128,0.235665,-0.103338,0.139845,-0.54925,1.32742,-2.59224,4.184,-5.32568,5.19248,-3.83588,1.98347,-0.562736,-3.38078,12.0151,-24.5272,38.2248,-51.1079,57.7967,-53.0168,38.0603,-19.3459,5.37401,-0.203527,0.73717,-1.59877,2.60778,-3.46846,3.75781,-3.21657,2.13657,-1.0159,0.26767
0.215535,-0.707779,1.27858,-1.76068,2.01729,-1.99234,1.66146,-1.13313,0.565716,-0.162525,-0.211234,0.664569,-1.14974,1.36242,-1.11957,0.576129,-0.100985,-0.106083,0.102042,-0.0363357,0.151183,-0.407598,0.606763,-0.621659,0.463466,-0.228442,0.0124031,0.117489,-0.120359,0.0530542,-0.067855,0.317802,-0.860006,1.7546,-2.79624,3.44242,-3.25282,2.33453,-1.1771,0.326633,0.843684,-3.84464,9.59861,-17.5672,26.0474,-30.8654,28.7432,-20.5569,10.3489,-2.84793,0.106888,-0.400216,0.890705,-1.46693,1.92455,-2.02039,1.6718,-1.07578,0.498374,-0.127796
-0.0595308,0.193422,-0.341032,0.461211,-0.523287,0.519089,-0.440482,0.310775,-0.162525,0.0494483,0.0600745,-0.190081,0.330768,-0.396715,0.333025,-0.182973,0.0499282,0.013783,-0.0208323,0.00837779,-0.0520151,0.139411,-0.206208,0.20766,-0.150795,0.0717587,-0.00299019,-0.0365753,0.0368956,-0.0161893,0.0204372,-0.114114,0.335802,-0.703614,1.11086,-1.33842,1.24073,-0.874712,0.433877,-0.118462,-0.0175636,0.59949,-2.33983,5.3033,-8.68699,10.6887,-10.0769,7.18412,-3.58582,0.978157,-0.0317396,0.125154,-0.288258,0.481049,-0.623875,0.634763,-0.506614,0.314684,-0.141561,0.0350739
-0.224653,0.579247,-0.829002,0.909191,-0.86661,0.761855,-0.606274,0.41359,-0.211234,0.0600745,0.335359,-1.05733,1.86369,-2.33903,2.23848,-1.68557,1.0054,-0.46478,0.153014,-0.0275641,-0.172541,0.514457,-0.840952,0.978616,-0.881616,0.628265,-0.342235,0.122358,-0.0153878,-0.00631553,-0.404747,0.947884,-0.920301,-0.142294,1.88668,-3.24417,3.4316,-2.55559,1.2927,-0.351368,4.70741,-12.4127,16.4841,-11.7624,-0.317579,11.8139,-16.066,13.1082,-6.97327,1.97236,0.120582,-0.263174,0.158098,0.33655,-1.04539,1.5344,-1.49658,1.04771,-0.511382,0.138388
0.705054,-1.81578,2.59486,-2.8405,2.70199,-2.37184,1.8889,-1.2933,0.664569,-0.190081,-1.05733,3.33961,-5.89872,7.42505,-7.13425,5.39603,-3.23226,1.50092,-0.497077,0.090382,0.541611,-1.61384,2.6362,-3.06523,2.75856,-1.96225,1.06505,-0.37735,0.0452796,0.0201424,1.27609,-2.995,2.93398,0.365255,-5.80557,10.0444,-10.623,7.89651,-3.98617,1.08164,-14.8073,39.1318,-52.2061,37.8067,-0.342665,-35.3843,48.5738,-39.601,21.0246,-5.93677,-0.382032,0.836576,-0.510423,-1.05484,3.31118,-4.88043,4.77192,-3.34475,1.6329,-0.442043
-1.23567,3.17516,-4.52626,4.93539,-4.6704,4.0777,-3.2403,2.22346,-1.14974,0.330768,1.86369,-5.89872,10.4463,-13.2045,12.7661,-9.73096,5.8798,-2.75782,0.92513,-0.171251,-0.947718,2.82329,-4.60899,5.35405,-4.81142,3.41425,-1.84678,0.650497,-0.0768067,-0.034111,-2.26342,5.31505,-5.23038,-0.558431,10.1186,-17.558,18.5427,-13.7489,6.92403,-1.87521,26.143,-69.1465,92.38,-67.2164,1.51518,60.9528,-83.66,67.9228,-35.9213,10.1138,0.692268,-1.52816,0.980915,1.79028,-5.82385,8.65825,-8.49868,5.96771,-2.91528,0.789717
1.53912,-3.93171,5.56661,-6.00207,5.59419,-4.80639,3.78686,-2.60356,1.36242,-0.396715,-2.33903,7.42505,-13.2045,16.8155,-16.4484,12.7374,-7.84554,3.76315,-1.29669,0.248074,1.176,-3.50493,5.71652,-6.62659,5.93409,-4.19037,2.25773,-0.796638,0.100243,0.0356845,2.90332,-6.79717,6.65632,0.763898,-12.9485,22.3566,-23.5013,17.3523,-8.71102,2.35345,-33.4252,88.2869,-117.534,84.6445,-0.418039,-78.6823,106.332,-85.4869,44.887,-12.5729,-0.938979,2.10727,-1.50795,-1.99114,7.16914,-10.8532,10.7196,-7.54448,3.6889,-0.999917
-1.45054,3.65073,-5.08044,5.32948,-4.78707,3.95101,-3.04011,2.0907,-1.11957,0.333025,2.23848,-7.13425,12.7661,-16.4484,16.3996,-13.0426,8.30023,-4.1308,1.48266,-0.296578,-1.09098,3.26424,-5.32765,6.16826,-5.50562,3.87269,-2.09488,0.767346,-0.128532,-0.0128451,-2.96947,6.96345,-6.8998,-0.453892,12.5393,-21.8176,22.8914,-16.8473,8.43698,-2.27458,33.9724,-89.7921,119.572,-86.3769,2.012,76.3504,-102.916,82.1638,-42.8664,11.9465,1.05539,-2.44388,2.07673,1.28995,-6.46301,10.2401,-10.2598,7.25753,-3.55725,0.965932
1.05455,-2.56795,3.42539,-3.35453,2.73147,-2.00843,1.43763,-0.995617,0.576129,-0.182973,-1.68557,5.39603,-9.73096,12.7374,-13.0426,10.7776,-7.1892,3.76413,-1.42228,0.298831,0.782903,-2.36275,3.86793,-4.47813,3.98661,-2.80321,1.55038,-0.629122,0.164155,-0.0253208,2.54152,-5.97803,6.01305,0.0256023,-9.93565,17.465,-18.2826,13.4104,-6.70228,1.803,-29.3091,77.6153,-103.609,75.7373,-5.20678,-59.4833,80.98,-64.3918,33.4066,-9.26292,-1.02059,2.44581,-2.43383,-0.163811,4.37735,-7.53986,7.71222,-5.48158,2.6913,-0.731335
-0.588369,1.34749,-1.63657,1.33795,-0.763168,0.259841,-0.0475316,0.055235,-0.100985,0.0499282,1.0054,-3.23226,5.8798,-7.84554,8.30023,-7.1892,5.07476,-2.81321,1.12057,-0.246304,-0.451411,1.37569,-2.25753,2.60668,-2.30575,1.62069,-0.932867,0.440357,-0.167015,0.0483077,-1.77778,4.13404,-4.02153,-0.360977,7.30524,-12.3886,12.7568,-9.26933,4.60915,-1.23461,21.4022,-56.4496,74.5731,-53.0536,1.73532,43.771,-57.8336,45.2694,-23.2115,6.37569,0.816681,-1.99967,2.18772,-0.525821,-2.28782,4.40423,-4.57652,3.24138,-1.58452,0.428382
0.240991,-0.493392,0.478476,-0.173971,-0.219241,0.490289,-0.498756,0.316762,-0.106083,0.013783,-0.46478,1.50092,-2.75782,3.76315,-4.1308,3.76413,-2.81321,1.64483,-0.686033,0.156697,0.20862,-0.64024,1.05075,-1.2063,1.05639,-0.741858,0.450043,-0.2496,0.121581,-0.04298,0.95694,-2.15945,1.89776,0.757794,-4.70446,7.413,-7.4096,5.29436,-2.60528,0.692056,-12.3262,32.1792,-41.4851,27.3565,3.14877,-28.7844,35.5123,-26.9785,13.5559,-3.66639,-0.503143,1.24549,-1.43282,0.575232,0.910636,-2.00431,2.09745,-1.46498,0.7073,-0.188886
-0.0629092,0.0992818,-0.0268435,-0.146919,0.331276,-0.434628,0.395348,-0.255062,0.102042,-0.0208323,0.153014,-0.497077,0.92513,-1.29669,1.48266,-1.42228,1.12057,-0.686033,0.297629,-0.0704509,-0.0740806,0.226935,-0.370874,0.422088,-0.364938,0.255091,-0.162404,0.102474,-0.0579698,0.022393,-0.35429,0.753066,-0.515114,-0.682789,2.31574,-3.33333,3.20371,-2.23489,1.08111,-0.283206,5.02267,-12.9009,15.9886,-9.11985,-4.09101,14.4321,-16.4054,11.9874,-5.86057,1.55159,0.212689,-0.527811,0.618916,-0.292774,-0.267129,0.657927,-0.6801,0.460777,-0.216591,0.0564198
0.00623678,0.000361246,-0.0314781,0.0818391,-0.128769,0.150144,-0.131579,0.0853662,-0.0363357,0.00837779,-0.0275641,0.090382,-0.171251,0.248074,-0.296578,0.298831,-0.246304,0.156697,-0.0704509,0.0173754,0.0163972,-0.0493986,0.0799123,-0.0902233,0.0773969,-0.0539121,0.0353751,-0.0240018,0.0146842,-0.00591896,0.0619164,-0.110467,0.00557997,0.299991,-0.664147,0.851333,-0.771422,0.516136,-0.241269,0.0613647,-1.06484,2.65396,-3.04207,1.16303,1.95249,-4.12216,4.23723,-2.91592,1.35846,-0.345421,-0.0468786,0.116818,-0.139489,0.0757627,0.0307593,-0.0978467,0.0977068,-0.0613,0.0266845,-0.00647753
0.109441,-0.292524,0.405334,-0.420069,0.378195,-0.341882,0.30307,-0.24774,0.151183,-0.0520151,-0.172541,0.541611,-0.947718,1.176,-1.09098,0.782903,-0.451411,0.20862,-0.0740806,0.0163972,0.175841,-0.493703,0.769124,-0.840029,0.698723,-0.446843,0.203179,-0.0377171,-0.0223305,0.0172966,-0.0177233,0.331484,-1.2393,2.71713,-4.1479,4.69381,-4.12185,2.75768,-1.29601,0.334225,-2.12603,4.17126,-1.47192,-8.07765,20.5134,-28.1675,27.2814,-19.1046,9.22492,-2.43433,0.0214983,-0.133697,0.403673,-0.748476,0.943911,-0.830738,0.546425,-0.273375,0.0985174,-0.018159
-0.328281,0.860977,-1.17486,1.19423,-1.05325,0.93578,-0.821856,0.669333,-0.407598,0.139411,0.514457,-1.61384,2.82329,-3.50493,3.26424,-2.36275,1.37569,-0.64024,0.226935,-0.0493986,-0.493703,1.39806,-2.19445,2.41907,-2.03681,1.32598,-0.625066,0.141111,0.0449607,-0.0430754,-0.0866965,-0.506669,2.73312,-6.66638,10.6634,-12.359,11.0112,-7.44169,3.5231,-0.913218,7.3011,-16.0187,12.1237,11.7141,-45.5031,68.0801,-68.3661,48.8448,-23.8989,6.36652,-0.0401324,0.313513,-1.03505,2.00498,-2.60855,2.36957,-1.6171,0.844236,-0.319507,0.0638155
0.534358,-1.37885,1.85311,-1.84831,1.5989,-1.40204,1.22542,-0.997631,0.606763,-0.206208,-0.840952,2.6362,-4.60899,5.71652,-5.32765,3.86793,-2.25753,1.05075,-0.370874,0.0799123,0.769124,-2.19445,3.46894,-3.85913,3.28914,-2.17836,1.05938,-0.272835,-0.0447831,0.0597092,0.320404,0.205479,-3.21145,9.00463,-15.1645,18.0131,-16.2773,11.103,-5.28889,1.37618,-13.1323,30.7432,-29.8621,-2.81402,53.4441,-89.8267,94.0956,-68.683,34.054,-9.15502,0.0419387,-0.420903,1.50145,-3.01673,4.03532,-3.77813,2.67041,-1.44903,0.570939,-0.121114
-0.611983,1.54955,-2.04572,1.99655,-1.69105,1.46313,-1.27141,1.03056,-0.621659,0.20766,0.978616,-3.06523,5.35405,-6.62659,6.16826,-4.47813,2.60668,-1.2063,0.422088,-0.0902233,-0.840029,2.41907,-3.85913,4.34773,-3.76894,2.55476,-1.29142,0.379997,0.0107892,-0.0542807,-0.582819,0.518301,2.15427,-8.00933,14.5986,-17.942,16.5069,-11.3783,5.45228,-1.42276,16.4326,-40.6031,46.2629,-16.6317,-35.508,76.2711,-85.5459,64.3443,-32.4443,8.81822,-0.0156711,0.35612,-1.46227,3.11508,-4.34576,4.25026,-3.14894,1.79252,-0.73932,0.167166
0.535643,-1.31989,1.69127,-1.58853,1.29479,-1.09852,0.953278,-0.774382,0.463466,-0.150795,-0.881616,2.75856,-4.81142,5.93409,-5.50562,3.98661,-2.30575,1.05639,-0.364938,0.0773969,0.698723,-2.03681,3.28914,-3.76894,3.34172,-2.33435,1.23668,-0.416234,0.0377479,0.0318183,0.73254,-1.22998,-0.317189,4.64028,-9.92493,12.9256,-12.2259,8.55104,-4.12632,1.07913,-15.9066,41.3897,-53.4801,35.8167,3.62429,-38.2924,50.958,-40.7383,21.1744,-5.8618,-0.0220824,-0.171854,0.995753,-2.35391,3.50302,-3.63664,2.85369,-1.71141,0.738244,-0.176771
-0.363487,0.853824,-1.02622,0.875466,-0.635085,0.505766,-0.444998,0.376607,-0.228442,0.0717587,0.628265,-1.96225,3.41425,-4.19037,3.87269,-2.80321,1.62069,-0.741858,0.255091,-0.0539121,-0.446843,1.32598,-2.17836,2.55476,-2.33435,1.69683,-0.9552,0.373334,-0.0770029,-0.00463163,-0.703805,1.53331,-1.14453,-1.17126,4.4292,-6.57511,6.56231,-4.70892,2.29807,-0.602434,12.4572,-34.0562,48.7196,-43.5601,21.4355,1.79794,-14.4762,14.5643,-8.28695,2.40863,0.0651453,-0.0574172,-0.351086,1.19435,-2.05197,2.3468,-1.98299,1.25773,-0.566516,0.142716
0.179019,-0.37282,0.361119,-0.179764,-0.00309414,0.0709322,-0.0494204,0.00291303,0.0124031,-0.00299019,-0.342235,1.06505,-1.84678,2.25773,-2.09488,1.55038,-0.932867,0.450043,-0.162404,0.0353751,0.203179,-0.625066,1.05938,-1.29142,1.23668,-0.9552,0.590129,-0.28098,0.0955095,-0.0174588,0.544901,-1.38062,1.68221,-0.905913,-0.58721,1.79992,-2.12999,1.63469,-0.819872,0.215663,-8.23076,23.5949,-36.722,39.1022,-30.5626,18.215,-8.25787,2.70813,-0.49344,-0.00664985,-0.102533,0.248457,-0.202323,-0.150981,0.65224,-0.967137,0.926748,-0.629101,0.296233,-0.0784267
-0.0446778,0.0363429,0.0839558,-0.264668,0.397305,-0.424985,0.35433,-0.236128,0.117489,-0.0365753,0.122358,-0.37735,0.650497,-0.796638,0.767346,-0.629122,0.440357,-0.2496,0.102474,-0.0240018,-0.0377171,0.141111,-0.272835,0.379997,-0.416234,0.373334,-0.28098,0.181644,-0.0924456,0.0286233,-0.356775,1.01586,-1.56226,1.65353,-1.3101,0.830902,-0.444367,0.200663,-0.0742208,0.0192932,4.81225,-14.5396,24.5422,-29.9135,29.3466,-24.6205,17.9728,-10.8359,4.82478,-1.21255,0.113662,-0.328128,0.489501,-0.463544,0.260104,-0.0261279,-0.095244,0.0965321,-0.0533786,0.0166356
-0.0115425,0.0801981,-0.19622,0.32102,-0.398362,0.406194,-0.341574,0.235665,-0.120359,0.0368956,-0.0153878,0.0452796,-0.0768067,0.100243,-0.128532,0.164155,-0.167015,0.121581,-0.0579698,0.0146842,-0.0223305,0.0449607,-0.0447831,0.0107892,0.0377479,-0.0770029,0.0955095,-0.0924456,0.0622759,-0.0233359,0.180858,-0.560314,0.980097,-1.27931,1.38886,-1.30912,1.06157,-0.692594,0.326374,-0.0865682,-2.36596,7.48774,-13.4608,17.9379,-19.8278,18.8894,-15.3969,10.0433,-4.72146,1.23391,-0.0792299,0.241538,-0.407492,0.485213,-0.444449,0.327924,-0.20964,0.11833,-0.0508322,0.0116539
0.0122667,-0.049916,0.0996126,-0.146711,0.173655,-0.175228,0.148148,-0.103338,0.0530542,-0.0161893,-0.00631553,0.0201424,-0.034111,0.0356845,-0.0128451,-0.0253208,0.0483077,-0.04298,0.022393,-0.00591896,0.0172966,-0.0430754,0.0597092,-0.0542807,0.0318183,-0.00463163,-0.0174588,0.0286233,-0.0233359,0.00963588,-0.0580321,0.18975,-0.356456,0.510684,-0.613138,0.62931,-0.542521,0.368005,-0.177171,0.0472767,0.747189,-2.44262,4.56854,-6.40189,7.51479,-7.58182,6.47733,-4.36464,2.09761,-0.556776,0.0310298,-0.0962733,0.168707,-0.212231,0.209847,-0.170325,0.11957,-0.0717654,0.0321384,-0.00782683
0.270266,-0.538472,0.552903,-0.345975,0.0984158,0.0863871,-0.157346,0.139845,-0.067855,0.0204372,-0.404747,1.27609,-2.26342,2.90332,-2.96947,2.54152,-1.77778,0.95694,-0.35429,0.0619164,-0.0177233,-0.0866965,0.320404,-0.582819,0.73254,-0.703805,0.544901,-0.356775,0.180858,-0.0580321,2.21393,-6.67666,11.1998,-13.3156,11.9238,-8.14421,4.25503,-1.46368,0.186218,0.0488526,-20.0201,62.6707,-111.254,143.836,-146.864,122.436,-84.3421,44.7732,-16.7563,3.46181,-0.384347,1.00372,-1.19727,0.353667,1.48373,-3.28483,3.74139,-2.8254,1.43382,-0.397674
-0.674933,1.25694,-1.1853,0.608871,-0.012185,-0.421379,0.59081,-0.54925,0.317802,-0.114114,0.947884,-2.995,5.31505,-6.79717,6.96345,-5.97803,4.13404,-2.15945,0.753066,-0.110467,0.331484,-0.506669,0.205479,0.518301,-1.22998,1.53331,-1.38062,1.01586,-0.560314,0.18975,-6.67666,20.9134,-37.0023,47.4999,-47.4372,37.8105,-24.617,12.3954,-4.36726,0.846558,57.0795,-185.854,347.318,-478.739,526.006,-473.007,350.36,-200.977,82.1435,-18.7561,0.981757,-2.73056,3.65878,-1.94605,-2.81167,8.10978,-9.93248,7.76377,-4.01194,1.1293
0.784671,-1.18553,0.752557,0.136011,-0.8025,1.24217,-1.40487,1.32742,-0.860006,0.335802,-0.920301,2.93398,-5.23038,6.65632,-6.8998,6.01305,-4.02153,1.89776,-0.515114,0.00557997,-1.2393,2.73312,-3.21145,2.15427,-0.317189,-1.14453,1.68221,-1.56226,0.980097,-0.356456,11.1998,-37.0023,70.0569,-97.9084,108.14,-96.4802,70.7525,-40.7808,16.8745,-3.91816,-87.6678,304.328,-612.709,916.003,-1090.54,1053.4,-828.336,502.612,-217.208,52.3799,-1.20324,3.84649,-6.28895,5.5377,0.430845,-8.94968,13.1404,-11.0376,5.90602,-1.70821
-0.269532,-0.391406,1.59875,-2.64397,2.91613,-2.9296,2.82841,-2.59224,1.7546,-0.703614,-0.142294,0.365255,-0.558431,0.763898,-0.453892,0.0256023,-0.360977,0.757794,-0.682789,0.299991,2.71713,-6.66638,9.00463,-8.00933,4.64028,-1.17126,-0.905913,1.65353,-1.27931,0.510684,-13.3156,47.4999,-97.9084,149.888,-181.288,176.047,-139.048,85.9089,-38.0039,9.36684,91.1157,-353.461,792.844,-1308.22,1692.39,-1744.12,1439.76,-910.907,408.931,-102.044,0.620261,-3.26027,7.86759,-11.0154,7.82754,1.43416,-8.49322,8.98889,-5.26064,1.62013
-0.743499,3.09463,-5.3905,6.57063,-6.24537,5.53761,-4.85994,4.184,-2.79624,1.11086,1.88668,-5.80557,10.1186,-12.9485,12.5393,-9.93565,7.30524,-4.70446,2.31574,-0.664147,-4.1479,10.6634,-15.1645,14.5986,-9.92493,4.4292,-0.58721,-1.3101,1.38886,-0.613138,11.9238,-47.4372,108.14,-181.288,236.914,-245.08,203.338,-130.937,60.045,-15.2419,-67.6631,318.469,-823.829,1509.19,-2104.84,2286.8,-1958.66,1277.33,-588.71,150.243,0.589246,1.08457,-7.68072,16.3879,-19.4291,12.7986,-3.67627,-1.25703,1.71668,-0.724786
1.64851,-5.35851,8.50688,-9.83744,9.13984,-7.84882,6.55968,-5.32568,3.44242,-1.33842,-3.24417,10.0444,-17.558,22.3566,-21.8176,17.465,-12.3886,7.413,-3.33333,0.851333,4.69381,-12.359,18.0131,-17.942,12.9256,-6.57511,1.79992,0.830902,-1.30912,0.62931,-8.14421,37.8105,-96.4802,176.047,-245.08,265.771,-228.208,151.009,-70.8206,18.2974,35.9466,-235.458,715.86,-1439.5,2129.34,-2405.34,2115.67,-1409.98,661.952,-171.546,-1.66883,1.26205,6.05417,-18.7036,27.6759,-25.4199,16.2235,-7.63146,2.66257,-0.459009
-1.92992,5.8694,-9.07319,10.3625,-9.62493,8.1959,-6.67093,5.19248,-3.25282,1.24073,3.4316,-10.623,18.5427,-23.5013,22.8914,-18.2826,12.7568,-7.4096,3.20371,-0.771422,-4.12185,11.0112,-16.2773,16.5069,-12.2259,6.56231,-2.12999,-0.444367,1.06157,-0.542521,4.25503,-24.617,70.7525,-139.048,203.338,-228.208,200.803,-135.442,64.5079,-16.8672,-11.6772,145.787,-523.341,1134.83,-1752.6,2035.68,-1825.93,1236.99,-588.843,154.334,1.94855,-2.27407,-4.17472,16.7915,-27.5732,28.3445,-20.8531,11.68,-4.886,1.11245
1.5436,-4.56882,7.01178,-8.01115,7.49104,-6.37197,5.09632,-3.83588,2.33453,-0.874712,-2.55559,7.89651,-13.7489,17.3523,-16.8473,13.4104,-9.26933,5.29436,-2.23489,0.516136,2.75768,-7.44169,11.103,-11.3783,8.55104,-4.70892,1.63469,0.200663,-0.692594,0.368005,-1.46368,12.3954,-40.7808,85.9089,-130.937,151.009,-135.442,92.7373,-44.7047,11.7989,-1.19522,-70.302,303.998,-704.411,1126.28,-1337.19,1218.57,-836.815,402.926,-106.579,-1.50798,1.9845,2.41875,-11.6045,20.1475,-21.8739,17.0731,-10.1519,4.46538,-1.07622
-0.826529,2.41637,-3.71061,4.26219,-4.02096,3.4258,-2.70668,1.98347,-1.1771,0.433877,1.2927,-3.98617,6.92403,-8.71102,8.43698,-6.70228,4.60915,-2.60528,1.08111,-0.241269,-1.29601,3.5231,-5.28889,5.45228,-4.12632,2.29807,-0.819872,-0.0742208,0.326374,-0.177171,0.186218,-4.36726,16.8745,-38.0039,60.045,-70.8206,64.5079,-44.7047,21.7602,-5.78658,3.73656,23.6978,-127.676,314.207,-517.145,625.009,-576.965,400.665,-194.732,51.8925,0.78614,-1.09878,-1.02394,5.6378,-10.147,11.3829,-9.17855,5.62601,-2.53459,0.626052
0.235584,-0.685789,1.05834,-1.2258,1.16865,-0.999889,0.784112,-0.562736,0.326633,-0.118462,-0.351368,1.08164,-1.87521,2.35345,-2.27458,1.803,-1.23461,0.692056,-0.283206,0.0613647,0.334225,-0.913218,1.37618,-1.42276,1.07913,-0.602434,0.215663,0.0192932,-0.0865682,0.0472767,0.0488526,0.846558,-3.91816,9.36684,-15.2419,18.2974,-16.8672,11.7989,-5.78658,1.54787,-1.5394,-4.45308,30.3184,-78.3266,131.785,-161.423,150.493,-105.418,51.6088,-13.8315,-0.2174,0.312567,0.250648,-1.50419,2.76666,-3.16671,2.60371,-1.62434,0.74179,-0.185647
-2.72276,4.8273,-2.93952,-1.99875,6.44981,-8.00018,6.46823,-3.38078,0.843684,-0.0175636,4.70741,-14.8073,26.143,-33.4252,33.9724,-29.3091,21.4022,-12.3262,5.02267,-1.06484,-2.12603,7.3011,-13.1323,16.4326,-15.9066,12.4572,-8.23076,4.81225,-2.36596,0.747189,-20.0201,57.0795,-87.6678,91.1157,-67.6631,35.9466,-11.6772,-1.19522,3.73656,-1.5394,274.552,-823.841,1377.23,-1652,1574.91,-1263.14,859.545,-466.159,183.385,-40.6952,2.8826,-6.59559,4.98447,4.99955,-18.8098,26.9646,-24.7504,15.9273,-7.11841,1.74236
7.29403,-11.8305,4.80769,10.3302,-23.015,26.8174,-21.6291,12.0151,-3.84464,0.59949,-12.4127,39.1318,-69.1465,88.2869,-89.7921,77.6153,-56.4496,32.1792,-12.9009,2.65396,4.17126,-16.0187,30.7432,-40.6031,41.3897,-34.0562,23.5949,-14.5396,7.48774,-2.44262,62.6707,-185.854,304.328,-353.461,318.469,-235.458,145.787,-70.302,23.6978,-4.45308,-823.841,2535.59,-4399.43,5566.52,-5682.61,4902.87,-3572.5,2067.4,-866.556,204.553,-7.32035,17.83,-16.1134,-7.28443,43.3847,-68.1732,65.8324,-43.7251,19.9081,-4.9683
-10.0765,13.3404,1.69299,-27.7382,47.2346,-51.4623,41.3663,-24.5272,9.59861,-2.33983,16.4841,-52.2061,92.38,-117.534,119.572,-103.609,74.5731,-41.4851,15.9886,-3.04207,-1.47192,12.1237,-29.8621,46.2629,-53.4801,48.7196,-36.722,24.5422,-13.4608,4.56854,-111.254,347.318,-612.709,792.844,-823.829,715.86,-523.341,303.998,-127.676,30.3184,1377.23,-4399.43,8029.65,-10847.6,11920.3,-11009.7,8481.72,-5143.76,2246.29,-549.728,8.76242,-24.5319,29.406,-6.97335,-39.5386,81.4073,-88.2365,62.4272,-29.4139,7.59217
7.99612,-3.61387,-20.8971,53.9205,-74.4171,75.4983,-60.3748,38.2248,-17.5672,5.3033,-11.7624,37.8067,-67.2164,84.6445,-86.3769,75.7373,-53.0536,27.3565,-9.11985,1.16303,-8.07765,11.7141,-2.81402,-16.6317,35.8167,-43.5601,39.1022,-29.9135,17.9379,-6.40189,143.836,-478.739,916.003,-1308.22,1509.19,-1439.5,1134.83,-704.411,314.207,-78.3266,-1652,5566.52,-10847.6,15792.1,-18674,18308.1,-14737.9,9248.51,-4153.6,1040.41,-3.96096,19.2306,-39.0652,43.2843,-14.6413,-34.0523,60.9786,-51.3711,26.0816,-7.18789
-1.1816,-15.8578,49.708,-85.066,101.443,-96.7449,76.822,-51.1079,26.0474,-8.68699,-0.317579,-0.342665,1.51518,-0.418039,2.012,-5.20678,1.73532,3.14877,-4.09101,1.95249,20.5134,-45.5031,53.4441,-35.508,3.62429,21.4355,-30.5626,29.3466,-19.8278,7.51479,-146.864,526.006,-1090.54,1692.39,-2104.84,2129.34,-1752.6,1126.28,-517.145,131.785,1574.91,-5682.61,11920.3,-18674,23532.5,-24189.4,20125.4,-12949.6,5933.82,-1510.68,-5.25269,-3.98741,41.6224,-89.0067,102.558,-63.8267,15.2476,6.78507,-6.82429,2.63427
-6.199,33.9699,-73.0314,106.655,-117.479,107.776,-84.9229,57.7967,-30.8654,10.6887,11.8139,-35.3843,60.9528,-78.6823,76.3504,-59.4833,43.771,-28.7844,14.4321,-4.12216,-28.1675,68.0801,-89.8267,76.2711,-38.2924,1.79794,18.215,-24.6205,18.8894,-7.58182,122.436,-473.007,1053.4,-1744.12,2286.8,-2405.34,2035.68,-1337.19,625.009,-161.423,-1263.14,4902.87,-11009.7,18308.1,-24189.4,25716.8,-21905.2,14354.7,-6675.61,1719.86,12.8792,-10.6282,-37.5232,118.097,-171.583,152.843,-94.2116,44.6529,-17.0875,3.46357
9.93296,-40.1134,76.4925,-104.135,110.224,-99.0352,77.4796,-53.0168,28.7432,-10.0769,-16.066,48.5738,-83.66,106.332,-102.916,80.98,-57.8336,35.5123,-16.4054,4.23723,27.2814,-68.3661,94.0956,-85.5459,50.958,-14.4762,-8.25787,17.9728,-15.3969,6.47733,-84.3421,350.36,-828.336,1439.76,-1958.66,2115.67,-1825.93,1218.57,-576.965,150.493,859.545,-3572.5,8481.72,-14737.9,20125.4,-21905.2,18988.1,-12624.5,5941.71,-1545.57,-13.9983,14.5047,32.0641,-116.552,181.791,-176.926,123.155,-66.9833,28.3779,-6.54082
-8.99047,32.6382,-59.1341,77.9315,-81.0333,72.0769,-55.9815,38.0603,-20.5569,7.18412,13.1082,-39.601,67.9228,-85.4869,82.1638,-64.3918,45.2694,-26.9785,11.9874,-2.91592,-19.1046,48.8448,-68.683,64.3443,-40.7383,14.5643,2.70813,-10.8359,10.0433,-4.36464,44.7732,-200.977,502.612,-910.907,1277.33,-1409.98,1236.99,-836.815,400.665,-105.418,-466.159,2067.4,-5143.76,9248.51,-12949.6,14354.7,-12624.5,8500.57,-4043.66,1060.88,10.2601,-11.0577,-22.6351,85.5524,-137.509,139.681,-102.725,59.0564,-25.983,6.23164
5.14774,-17.7517,31.3682,-40.6957,42.002,-37.1912,28.7204,-19.3459,10.3489,-3.58582,-6.97327,21.0246,-35.9213,44.887,-42.8664,33.4066,-23.2115,13.5559,-5.86057,1.35846,9.22492,-23.8989,34.054,-32.4443,21.1744,-8.28695,-0.49344,4.82478,-4.72146,2.09761,-16.7563,82.1435,-217.208,408.931,-588.71,661.952,-588.843,402.926,-194.732,51.6088,183.385,-866.556,2246.29,-4153.6,5933.82,-6675.61,5941.71,-4043.66,1940.9,-512.862,-5.11591,5.55238,11.3585,-43.4084,71.0217,-74.1655,56.4362,-33.5233,15.0739,-3.69414
-1.53162,5.1303,-8.94045,11.5021,-11.8332,10.4566,-8.04263,5.37401,-2.84793,0.978157,1.97236,-5.93677,10.1138,-12.5729,11.9465,-9.26292,6.37569,-3.66639,1.55159,-0.345421,-2.43433,6.36652,-9.15502,8.81822,-5.8618,2.40863,-0.00664985,-1.21255,1.23391,-0.556776,3.46181,-18.7561,52.3799,-102.044,150.243,-171.546,154.334,-106.579,51.8925,-13.8315,-40.6952,204.553,-549.728,1040.41,-1510.68,1719.86,-1545.57,1060.88,-512.862,136.284,1.38618,-1.50754,-3.10649,11.9401,-19.7826,21.0648,-16.4029,9.95219,-4.53737,1.12693
-0.050513,0.0770962,-0.0369565,-0.0622798,0.171089,-0.253743,0.259732,-0.203527,0.106888,-0.0317396,0.120582,-0.382032,0.692268,-0.938979,1.05539,-1.02059,0.816681,-0.503143,0.212689,-0.0468786,0.0214983,-0.0401324,0.0419387,-0.0156711,-0.0220824,0.0651453,-0.102533,0.113662,-0.0792299,0.0310298,-0.384347,0.981757,-1.20324,0.620261,0.589246,-1.66883,1.94855,-1.50798,0.78614,-0.2174,2.8826,-7.32035,8.76242,-3.96096,-5.25269,12.8792,-13.9983,10.2601,-5.11591,1.38618,0.295078,-0.793508,1.11383,-0.928218,0.277462,0.416307,-0.698354,0.579585,-0.312484,0.0917225
0.0922793,-0.0673375,-0.134182,0.46178,-0.768664,0.974285,-0.947524,0.73717,-0.400216,0.125154,-0.263174,0.836576,-1.52816,2.10727,-2.44388,2.44581,-1.99967,1.24549,-0.527811,0.116818,-0.133697,0.313513,-0.420903,0.35612,-0.171854,-0.0574172,0.248457,-0.328128,0.241538,-0.0962733,1.00372,-2.73056,3.84649,-3.26027,1.08457,1.26205,-2.27407,1.9845,-1.09878,0.312567,-6.59559,17.83,-24.5319,19.2306,-3.98741,-10.6282,14.5047,-11.0577,5.55238,-1.50754,-0.793508,2.20625,-3.29156,3.13006,-1.65387,-0.189838,1.16339,-1.13809,0.660563,-0.204773
0.00831924,-0.329936,0.87974,-1.51075,1.98762,-2.23648,2.07535,-1.59877,0.890705,-0.288258,0.158098,-0.510423,0.980915,-1.50795,2.07673,-2.43383,2.18772,-1.43282,0.618916,-0.139489,0.403673,-1.03505,1.50145,-1.46227,0.995753,-0.351086,-0.202323,0.489501,-0.407492,0.168707,-1.19727,3.65878,-6.28895,7.86759,-7.68072,6.05417,-4.17472,2.41875,-1.02394,0.250648,4.98447,-16.1134,29.406,-39.0652,41.6224,-37.5232,32.0641,-22.6351,11.3585,-3.10649,1.11383,-3.29156,5.44469,-6.21945,5.04795,-2.67496,0.750342,0.127618,-0.275773,0.128374
-0.306368,1.19446,-2.24784,3.18743,-3.73372,3.87373,-3.44819,2.60778,-1.46693,0.481049,0.33655,-1.05484,1.79028,-1.99114,1.28995,-0.163811,-0.525821,0.575232,-0.292774,0.0757627,-0.748476,2.00498,-3.01673,3.11508,-2.35391,1.19435,-0.150981,-0.463544,0.485213,-0.212231,0.353667,-1.94605,5.5377,-11.0154,16.3879,-18.7036,16.7915,-11.6045,5.6378,-1.50419,4.99955,-7.28443,-6.97335,43.2843,-89.0067,118.097,-116.552,85.5524,-43.4084,11.9401,-0.928218,3.13006,-6.21945,9.03175,-10.1998,9.02856,-6.40099,3.60043,-1.46373,0.320958
0.701843,-2.23513,3.81195,-5.03282,5.59404,-5.5203,4.73453,-3.46846,1.92455,-0.623875,-1.04539,3.31118,-5.82385,7.16914,-6.46301,4.37735,-2.28782,0.910636,-0.267129,0.0307593,0.943911,-2.60855,4.03532,-4.34576,3.50302,-2.05197,0.65224,0.260104,-0.444449,0.209847,1.48373,-2.81167,0.430845,7.82754,-19.4291,27.6759,-27.5732,20.1475,-10.147,2.76666,-18.8098,43.3847,-39.5386,-14.6413,102.558,-171.583,181.791,-137.509,71.0217,-19.7826,0.277462,-1.65387,5.04795,-10.1998,15.1447,-16.9791,14.4749,-9.36826,4.3065,-1.09516
-0.961096,2.85033,-4.7037,6.07882,-6.64894,6.39683,-5.32861,3.75781,-2.02039,0.634763,1.5344,-4.88043,8.65825,-10.8532,10.2401,-7.53986,4.40423,-2.00431,0.657927,-0.0978467,-0.830738,2.36957,-3.77813,4.25026,-3.63664,2.3468,-0.967137,-0.0261279,0.327924,-0.170325,-3.28483,8.10978,-8.94968,1.43416,12.7986,-25.4199,28.3445,-21.8739,11.3829,-3.16671,26.9646,-68.1732,81.4073,-34.0523,-63.8267,152.843,-176.926,139.681,-74.1655,21.0648,0.416307,-0.189838,-2.67496,9.02856,-16.9791,21.9953,-20.4882,14.0391,-6.72813,1.78427
0.921337,-2.64814,4.32334,-5.56473,6.07011,-5.77005,4.71143,-3.21657,1.6718,-0.506614,-1.49658,4.77192,-8.49868,10.7196,-10.2598,7.71222,-4.57652,2.09745,-0.6801,0.0977068,0.546425,-1.6171,2.67041,-3.14894,2.85369,-1.98299,0.926748,-0.095244,-0.20964,0.11957,3.74139,-9.93248,13.1404,-8.49322,-3.67627,16.2235,-20.8531,17.0731,-9.17855,2.60371,-24.7504,65.8324,-88.2365,60.9786,15.2476,-94.2116,123.155,-102.725,56.4362,-16.4029,-0.698354,1.16339,0.750342,-6.40099,14.4749,-20.4882,20.0386,-14.1485,6.9203,-1.87074
-0.646952,1.83509,-2.99458,3.86572,-4.22492,3.99149,-3.213,2.13657,-1.07578,0.314684,1.04771,-3.34475,5.96771,-7.54448,7.25753,-5.48158,3.24138,-1.46498,0.460777,-0.0613,-0.273375,0.844236,-1.44903,1.79252,-1.71141,1.25773,-0.629101,0.0965321,0.11833,-0.0717654,-2.8254,7.76377,-11.0376,8.98889,-1.25703,-7.63146,11.68,-10.1519,5.62601,-1.62434,15.9273,-43.7251,62.4272,-51.3711,6.78507,44.6529,-66.9833,59.0564,-33.5233,9.95219,0.579585,-1.13809,0.127618,3.60043,-9.36826,14.0391,-14.1485,10.1738,-5.03708,1.37665
0.319053,-0.898957,1.46916,-1.9021,2.08178,-1.95778,1.55909,-1.0159,0.498374,-0.141561,-0.511382,1.6329,-2.91528,3.6889,-3.55725,2.6913,-1.58452,0.7073,-0.216591,0.0266845,0.0985174,-0.319507,0.570939,-0.73932,0.738244,-0.566516,0.296233,-0.0533786,-0.0508322,0.0321384,1.43382,-4.01194,5.90602,-5.26064,1.71668,2.66257,-4.886,4.46538,-2.53459,0.74179,-7.11841,19.9081,-29.4139,26.0816,-6.82429,-17.0875,28.3779,-25.983,15.0739,-4.53737,-0.312484,0.660563,-0.275773,-1.46373,4.3065,-6.72813,6.9203,-5.03708,2.51416,-0.692003
-0.0864828,0.242369,-0.397089,0.516106,-0.566268,0.530851,-0.418834,0.26767,-0.127796,0.0350739,0.138388,-0.442043,0.789717,-0.999917,0.965932,-0.731335,0.428382,-0.188886,0.0564198,-0.00647753,-0.018159,0.0638155,-0.121114,0.167166,-0.176771,0.142716,-0.0784267,0.0166356,0.0116539,-0.00782683,-0.397674,1.1293,-1.70821,1.62013,-0.724786,-0.459009,1.11245,-1.07622,0.626052,-0.185647,1.74236,-4.9683,7.59217,-7.18789,2.63427,3.46357,-6.54082,6.23164,-3.69414,1.12693,0.0917225,-0.204773,0.128374,0.320958,-1.09516,1.78427,-1.87074,1.37665,-0.692003,0.191667
